MeshAnim
1
44
83
30
0.70079610 -0.02148285 -0.71303810 0.00000000
-0.12182170 0.98125980 -0.14929420 0.00000000
0.70288290 0.19148830 0.68504600 0.00000000
-0.01430410 0.91134150 0.00746241 1.00000000

0.97279130 0.15363370 -0.17341790 0.00000000
0.10869930 -0.96366950 -0.24397910 0.00000000
-0.20460100 0.21849040 -0.95414910 0.00000000
0.07857296 0.87697100 -0.08607821 1.00000000

0.97279130 0.15363370 -0.17341790 0.00000000
0.16403550 -0.98532240 0.04724786 0.00000000
-0.16361360 -0.07440902 -0.98371430 0.00000000
0.12205270 0.49150330 -0.18366990 1.00000000

0.99557540 0.08724453 -0.03489953 0.00000000
0.08643651 -0.99596750 -0.02403050 0.00000000
-0.03685528 0.02090758 -0.99910190 0.00000000
0.18013810 0.14025900 -0.16901140 1.00000000

0.99557540 0.08724453 -0.03489953 0.00000000
0.08643651 -0.99596750 -0.02403050 0.00000000
-0.03685528 0.02090758 -0.99910190 0.00000000
0.18409410 0.03935361 -0.30841130 1.00000000

0.09253711 -0.12928940 -0.98727970 0.00000000
0.12621320 0.98505930 -0.11716880 0.00000000
0.98767780 -0.11376520 0.10747250 0.00000000
-0.10717190 0.88266460 0.10291130 1.00000000

0.09253669 -0.12928940 -0.98727970 0.00000000
-0.11003160 0.98413360 -0.13919060 0.00000000
0.98961110 0.12151220 0.07684258 0.00000000
-0.15765720 0.48864160 0.14977950 1.00000000

0.51876850 -0.06894718 -0.85213010 0.00000000
0.04491960 0.99756410 -0.05336788 0.00000000
0.85373390 -0.01059176 0.52060190 0.00000000
-0.12064120 0.13771640 0.19920410 1.00000000

0.51876850 -0.06894718 -0.85213010 0.00000000
0.04491960 0.99756410 -0.05336788 0.00000000
0.85373390 -0.01059176 0.52060190 0.00000000
-0.24229910 0.03523123 0.13343170 1.00000000

0.68651800 -0.00709338 -0.72707820 0.00000000
0.00637304 0.99997270 -0.00373825 0.00000000
0.72708490 -0.00206732 0.68654450 0.00000000
-0.03385729 1.04521700 -0.00989709 1.00000000

0.66746760 -0.03790802 -0.74367340 0.00000000
0.14297800 0.98664490 0.07803348 0.00000000
0.73078350 -0.15841380 0.66397350 0.00000000
-0.03275776 1.21774200 -0.01054205 1.00000000

0.64895840 -0.03358524 -0.76008220 0.00000000
0.04848158 0.99882030 -0.00274063 0.00000000
0.75927770 -0.03507144 0.64982110 0.00000000
-0.00593341 1.40284800 0.00409795 1.00000000

0.13393290 0.96100540 -0.24193050 0.00000000
0.78921290 -0.25108180 -0.56044730 0.00000000
-0.59933740 -0.11587240 -0.79206610 0.00000000
0.06030858 1.49608100 -0.02673613 1.00000000

0.42233180 0.38425530 -0.82096520 0.00000000
0.40588720 -0.88999470 -0.20776300 0.00000000
-0.81048860 -0.24547430 -0.53183740 0.00000000
0.23701300 1.43986400 -0.15221990 1.00000000

0.42233180 0.38425530 -0.82096520 0.00000000
-0.03495750 -0.89812320 -0.43835270 0.00000000
-0.90576720 0.21382910 -0.36587340 0.00000000
0.35128620 1.18929600 -0.21071370 1.00000000

0.48651570 0.21669960 -0.84637090 0.00000000
-0.22610330 -0.90451860 -0.36155740 0.00000000
-0.84390770 0.36727050 -0.39106590 0.00000000
0.34290310 0.97210440 -0.31689490 1.00000000

-0.43986200 -0.05633953 0.89629660 0.00000000
-0.84390770 0.36727050 -0.39106590 0.00000000
-0.30715080 -0.92840650 -0.20909370 0.00000000
0.26452310 0.84725770 -0.32893140 1.00000000

-0.46002320 -0.86368160 -0.20599410 0.00000000
-0.29763330 -0.06858096 0.95221400 0.00000000
-0.83653650 0.49935090 -0.22551150 0.00000000
0.25877310 0.85437950 -0.39210290 1.00000000

0.03725517 0.46902310 0.88240020 0.00000000
0.54357080 0.73144160 -0.41173360 0.00000000
-0.83853650 0.49498600 -0.22769720 0.00000000
0.24453310 0.85109830 -0.34654550 1.00000000

-0.28025550 -0.88708410 -0.36679570 0.00000000
-0.49558210 -0.19353850 0.84672370 0.00000000
-0.82210420 0.41907640 -0.38538280 0.00000000
0.29173780 0.83899490 -0.37910660 1.00000000

-0.35890020 0.15217890 0.92088680 0.00000000
0.44225700 0.89656190 0.02420326 0.00000000
-0.82194870 0.41595520 -0.38907850 0.00000000
0.26729370 0.83021810 -0.33660230 1.00000000

-0.30262400 -0.93916460 -0.16244700 0.00000000
-0.43447190 -0.01576881 0.90054750 0.00000000
-0.84832370 0.34310600 -0.40326850 0.00000000
0.32210350 0.82439350 -0.35997380 1.00000000

-0.36569830 0.17110670 0.91487040 0.00000000
0.38289940 0.92358070 -0.01968050 0.00000000
-0.84832370 0.34310610 -0.40326840 0.00000000
0.30170830 0.82365310 -0.31769980 1.00000000

-0.21423270 -0.93339440 0.28788770 0.00000000
-0.36330080 0.34972760 0.86354120 0.00000000
-0.90670680 0.08040889 -0.41402610 0.00000000
0.34952300 0.81230710 -0.34163170 1.00000000

-0.23927450 0.72055640 0.65080470 0.00000000
0.34664050 0.68949780 -0.63595090 0.00000000
-0.90696660 0.07342833 -0.41475330 0.00000000
0.33419700 0.82795130 -0.30509270 1.00000000

-0.98708610 0.07673532 -0.14061920 0.00000000
-0.14408490 -0.80892030 0.56998940 0.00000000
-0.07001132 0.58288910 0.80953010 0.00000000
0.25470000 0.93180090 -0.35181700 1.00000000

-0.25182610 -0.79556420 0.55105470 0.00000000
0.96523730 -0.16528060 0.20248520 0.00000000
-0.07001129 0.58288930 0.80953020 0.00000000
0.24440870 0.88376920 -0.31812250 1.00000000

0.47272440 0.37158920 -0.79903270 0.00000000
-0.03495750 -0.89812320 -0.43835270 0.00000000
-0.88051690 0.23515210 -0.41157500 0.00000000
0.34675620 1.07109500 -0.26858010 1.00000000

0.61847580 -0.02997301 -0.78523220 0.00000000
0.09157137 -0.98971520 0.10990300 0.00000000
-0.78045030 -0.13987710 -0.60937030 0.00000000
0.24148060 1.44047800 -0.15726790 1.00000000

0.49362230 0.40480510 -0.76972040 0.00000000
0.40588720 -0.88999470 -0.20776300 0.00000000
-0.76915070 -0.20986330 -0.60362650 0.00000000
0.23701300 1.43986400 -0.15221990 1.00000000

0.52030030 0.41054830 -0.74882430 0.00000000
0.40529030 -0.89052930 -0.20663400 0.00000000
-0.75168330 -0.19597950 -0.62973390 0.00000000
0.28564790 1.33300000 -0.17701600 1.00000000

0.96485420 -0.02634234 -0.26146260 0.00000000
0.01592722 0.99899600 -0.04187401 0.00000000
0.26230310 0.03623793 0.96430490 0.00000000
0.00133882 1.55267100 0.00368685 1.00000000

0.99790190 0.05178385 -0.03886536 0.00000000
-0.05594445 0.99179270 -0.11496700 0.00000000
0.03259292 0.11690000 0.99260880 0.00000000
0.00283596 1.64657700 -0.00024942 1.00000000

0.99790190 0.05178385 -0.03886536 0.00000000
-0.06163942 0.94353500 -0.32548770 0.00000000
0.01981568 0.32720030 0.94474710 0.00000000
-0.00655608 1.73638100 -0.12174320 1.00000000

0.99790190 0.05178385 -0.03886536 0.00000000
0.06163941 -0.94353500 0.32548770 0.00000000
-0.01981568 -0.32720040 -0.94474710 0.00000000
0.05930400 1.69130400 -0.09243666 1.00000000

0.99790190 0.05178385 -0.03886536 0.00000000
-0.06163942 0.94353500 -0.32548770 0.00000000
0.01981568 0.32720030 0.94474710 0.00000000
-0.06493226 1.68486200 -0.08759879 1.00000000

0.99790310 0.05180424 -0.03880602 0.00000000
0.06159366 -0.94428460 0.32331530 0.00000000
-0.01989487 -0.32502740 -0.94549530 0.00000000
0.03498072 1.72699900 -0.08203831 1.00000000

0.99790130 0.05177293 -0.03889686 0.00000000
-0.06163944 0.94353470 -0.32548880 0.00000000
0.01984900 0.32720330 0.94474570 0.00000000
-0.04369514 1.72291700 -0.07897422 1.00000000

0.99790190 0.05178385 -0.03886536 0.00000000
0.06163941 -0.94353500 0.32548770 0.00000000
-0.01981568 -0.32720040 -0.94474710 0.00000000
0.01409736 1.74117200 -0.12258370 1.00000000

0.99790190 0.05178385 -0.03886536 0.00000000
-0.06163942 0.94353500 -0.32548770 0.00000000
0.01981568 0.32720030 0.94474710 0.00000000
-0.02760438 1.73914400 -0.12097900 1.00000000

0.99790190 0.05178385 -0.03886536 0.00000000
0.06163941 -0.94353500 0.32548770 0.00000000
-0.01981568 -0.32720040 -0.94474710 0.00000000
0.07220592 1.73588600 -0.07900894 1.00000000

0.99790190 0.05178385 -0.03886536 0.00000000
-0.06163942 0.94353500 -0.32548770 0.00000000
0.01981568 0.32720030 0.94474710 0.00000000
-0.08129451 1.72797000 -0.07303632 1.00000000

0.99790190 0.05178385 -0.03886536 0.00000000
0.06173971 -0.94185330 0.33030360 0.00000000
-0.01950112 -0.33201010 -0.94307420 0.00000000
0.03494017 1.72756100 -0.08233082 1.00000000

0.99790190 0.05178385 -0.03886536 0.00000000
-0.06173971 0.94185330 -0.33030370 0.00000000
0.01950100 0.33201020 0.94307420 0.00000000
-0.04373568 1.72347900 -0.07926673 1.00000000

0.99655510 0.08244386 -0.00901216 0.00000000
-0.08109257 0.94586900 -0.31425450 0.00000000
-0.01738396 0.31390270 0.94929600 0.00000000
-0.00021114 1.69216900 -0.01773935 1.00000000

0.99736060 0.07011333 0.01887569 0.00000000
0.06373355 -0.96988990 0.23505690 0.00000000
0.03478816 -0.23323340 -0.97179820 0.00000000
0.01868667 1.64178100 -0.12010750 1.00000000

0.99655510 0.08244386 -0.00901216 0.00000000
-0.08233921 0.97053610 -0.22645060 0.00000000
-0.00992274 0.22641260 0.97398090 0.00000000
0.00203798 1.64121800 -0.12420940 1.00000000

0.99482240 0.09469761 -0.03689176 0.00000000
-0.10073720 0.96682850 -0.23472240 0.00000000
0.01344034 0.23722340 0.97136220 0.00000000
-0.01680977 1.63916800 -0.11832940 1.00000000

0.99888460 0.03014704 -0.03634155 0.00000000
0.04101530 -0.93529970 0.35147200 0.00000000
-0.02339438 -0.35257060 -0.93549290 0.00000000
0.02978267 1.64156800 -0.10640820 1.00000000

0.99134540 0.12258650 -0.04698062 0.00000000
-0.13127700 0.92837290 -0.34769240 0.00000000
0.00099313 0.35085070 0.93643070 0.00000000
-0.03034937 1.63675500 -0.10357180 1.00000000

0.99840290 0.05406946 -0.01638570 0.00000000
0.05617698 -0.91920570 0.38975040 0.00000000
0.00601196 -0.39004830 -0.92077480 0.00000000
0.01611209 1.65155400 -0.11797370 1.00000000

0.99657200 0.07176066 -0.04116642 0.00000000
-0.08212131 0.91832660 -0.38721100 0.00000000
0.01001781 0.38926430 0.92107180 0.00000000
-0.00090404 1.65204600 -0.12280930 1.00000000

0.99285630 0.09874310 -0.06697971 0.00000000
-0.11739630 0.90874760 -0.40049500 0.00000000
0.02132165 0.40549700 0.91384760 0.00000000
-0.01746790 1.64920800 -0.11606550 1.00000000

0.99038880 0.12978820 -0.04780525 0.00000000
0.13828070 -0.93653640 0.32214690 0.00000000
-0.00296047 -0.32566120 -0.94548200 0.00000000
0.01388754 1.67783900 -0.11449320 1.00000000

0.99038880 0.12978820 -0.04780525 0.00000000
-0.13828070 0.93653610 -0.32214690 0.00000000
0.00296047 0.32566120 0.94548180 0.00000000
-0.00421563 1.68050600 -0.13609760 1.00000000

0.99038880 0.12978820 -0.04780525 0.00000000
-0.13828070 0.93653610 -0.32214690 0.00000000
0.00296047 0.32566120 0.94548180 0.00000000
-0.01943721 1.67394000 -0.11293980 1.00000000

0.99790190 0.05178385 -0.03886536 0.00000000
0.05999315 -0.51377720 0.85582360 0.00000000
0.02434975 -0.85635940 -0.51580580 0.00000000
0.00235933 1.72311900 0.08949710 1.00000000

0.99790190 0.05178385 -0.03886536 0.00000000
-0.05721581 0.98625890 -0.15498260 0.00000000
0.03030571 0.15688110 0.98715240 0.00000000
-0.00604744 1.79361600 -0.03242011 1.00000000

0.17764360 -0.98102640 -0.07765256 0.00000000
0.65393230 0.17664290 -0.73564250 0.00000000
0.73540150 0.07990257 0.67290440 0.00000000
-0.02184103 1.50033200 0.06948048 1.00000000

0.83547580 -0.33520670 -0.43544990 0.00000000
0.20288480 0.92458080 -0.32247190 0.00000000
0.51070340 0.18107130 0.84047330 0.00000000
-0.16825660 1.46078100 0.23419060 1.00000000

0.83547580 -0.33520670 -0.43544990 0.00000000
0.35744320 0.93336250 -0.03268877 0.00000000
0.41739010 -0.12833790 0.89961930 0.00000000
-0.22537720 1.20048200 0.32497900 1.00000000

0.92830310 -0.16405060 -0.33367770 0.00000000
0.21983600 0.96591050 0.13670750 0.00000000
0.29987590 -0.20026020 0.93272210 0.00000000
-0.31198910 0.97475190 0.33296170 1.00000000

-0.95237420 -0.00617030 0.30486930 0.00000000
0.29987590 -0.20026020 0.93272200 0.00000000
0.05529798 0.97972320 0.19257310 0.00000000
-0.29810720 0.84033760 0.27283600 1.00000000

0.26301570 0.91228690 0.31393530 0.00000000
-0.95611270 0.20291770 0.21136030 0.00000000
0.12911820 -0.35574850 0.92561960 0.00000000
-0.36011440 0.83825060 0.25783050 1.00000000

-0.95880230 -0.28258750 0.02902949 0.00000000
0.25175220 -0.89260090 -0.37401190 0.00000000
0.13160300 -0.35129510 0.92696960 0.00000000
-0.31437060 0.82854280 0.24771840 1.00000000

0.18978590 0.95244040 0.23840860 0.00000000
-0.93975190 0.10589490 0.32504300 0.00000000
0.28433790 -0.28573330 0.91515490 0.00000000
-0.35052350 0.82910720 0.29411650 1.00000000

-0.94810330 -0.21923930 0.23029220 0.00000000
0.13569360 -0.93399330 -0.33052110 0.00000000
0.28755450 -0.28211890 0.91527130 0.00000000
-0.30355110 0.82475290 0.27812230 1.00000000

-0.03500748 0.97279880 0.22899120 0.00000000
-0.92979730 -0.11570930 0.34941180 0.00000000
0.36640400 -0.20068330 0.90855640 0.00000000
-0.33460460 0.82120700 0.32854790 1.00000000

-0.91240700 -0.26888960 0.30856390 0.00000000
0.18237780 -0.94203220 -0.28162720 0.00000000
0.36640390 -0.20068340 0.90855630 0.00000000
-0.29095750 0.82663830 0.31214510 1.00000000

-0.49169780 0.83319090 0.25303480 0.00000000
-0.76624660 -0.55204650 0.32880250 0.00000000
0.41364220 -0.03221560 0.90986930 0.00000000
-0.31930700 0.81529400 0.35961770 1.00000000

-0.71576550 -0.62719300 0.30709760 0.00000000
0.56328500 -0.77845390 -0.27698350 0.00000000
0.41278350 -0.02527164 0.91047870 0.00000000
-0.28707450 0.83947400 0.34579200 1.00000000

0.04083496 0.36419090 0.93042870 0.00000000
-0.52848150 0.79815870 -0.28922330 0.00000000
-0.84796240 -0.47990380 0.22506080 0.00000000
-0.32863540 0.91913410 0.24779590 1.00000000

-0.46519590 0.87730880 0.11799190 0.00000000
-0.25407270 -0.00464475 -0.96717390 0.00000000
-0.84796230 -0.47990370 0.22506060 0.00000000
-0.29723920 0.87097810 0.26340300 1.00000000

0.85451470 -0.34097080 -0.39184660 0.00000000
0.35744320 0.93336250 -0.03268877 0.00000000
0.37688100 -0.11212990 0.91944970 0.00000000
-0.27259090 1.07762300 0.32935790 1.00000000

0.81274550 0.09816707 -0.57428930 0.00000000
-0.13197590 0.99110080 -0.01735927 0.00000000
0.56747460 0.08990102 0.81846850 0.00000000
-0.18120670 1.46358500 0.24356690 1.00000000

0.80299010 -0.34556410 -0.48558470 0.00000000
0.20288480 0.92458080 -0.32247190 0.00000000
0.56039710 0.16042400 0.81253890 0.00000000
-0.16825660 1.46078100 0.23419060 1.00000000

0.78186720 -0.35001710 -0.51591840 0.00000000
0.20173540 0.92504650 -0.32185650 0.00000000
0.58990390 0.14757000 0.79387440 0.00000000
-0.19246490 1.34977500 0.27281340 1.00000000

0.70056570 0.00858778 -0.71353620 0.00000000
-0.00317539 0.99995520 0.00891728 0.00000000
0.71358080 -0.00398139 0.70056160 0.00000000
-0.09796500 1.00769100 -0.17878910 1.00000000

0.70077340 -0.02640866 -0.71289500 0.00000000
0.01072621 0.99959170 -0.02648533 0.00000000
0.71330330 0.01091355 0.70077060 0.00000000
-0.20465520 1.01766200 -0.08376422 1.00000000

0.68635590 -0.02144282 -0.72694960 0.00000000
0.00028228 -0.99955740 0.02975047 0.00000000
-0.72726600 -0.02062464 -0.68604610 0.00000000
-0.13153310 1.03960600 0.10677050 1.00000000

1.00000000 0.00000000 0.00000000 0.00000000
0.00000000 1.00000000 0.00000000 0.00000000
0.00000000 0.00000000 1.00000000 0.00000000
0.00000000 0.00000000 0.00000000 1.00000000

1.00000000 0.00000000 0.00000000 0.00000000
0.00000000 1.00000000 0.00000000 0.00000000
0.00000000 0.00000000 1.00000000 0.00000000
0.00000000 0.00000000 0.00000000 1.00000000

0.99790190 0.05178385 -0.03886536 0.00000000
-0.05721580 0.98625890 -0.15498270 0.00000000
0.03030577 0.15688120 0.98715250 0.00000000
0.00338851 1.63368100 -0.00324033 1.00000000

0.69957540 -0.03721541 -0.71358900 0.00000000
-0.12060870 0.97816500 -0.16925390 0.00000000
0.70430660 0.20447090 0.67981170 0.00000000
-0.01788794 0.90990280 0.00531002 1.00000000

0.96482650 0.16169390 -0.20728010 0.00000000
0.10652800 -0.96131020 -0.25403710 0.00000000
-0.24033670 0.22302060 -0.94472240 0.00000000
0.07478200 0.87347360 -0.08765519 1.00000000

0.96482650 0.16169390 -0.20728010 0.00000000
0.17988630 -0.98104720 0.07202702 0.00000000
-0.19170530 -0.10678050 -0.97562670 0.00000000
0.11739320 0.48894950 -0.18927000 1.00000000

0.99513990 0.08873249 -0.04269877 0.00000000
0.08786502 -0.99589440 -0.02178459 0.00000000
-0.04445669 0.01792689 -0.99885060 0.00000000
0.18106430 0.13915690 -0.16576460 1.00000000

0.99513990 0.08873249 -0.04269877 0.00000000
0.08786502 -0.99589440 -0.02178459 0.00000000
-0.04445669 0.01792689 -0.99885060 0.00000000
0.18412750 0.03785086 -0.30489610 1.00000000

0.09910810 -0.13102190 -0.98641310 0.00000000
0.11462970 0.98619750 -0.11947600 0.00000000
0.98845220 -0.10123120 0.11275920 0.00000000
-0.11063930 0.88333700 0.10148030 1.00000000

0.09910774 -0.13102190 -0.98641310 0.00000000
-0.11148560 0.98359040 -0.14184830 0.00000000
0.98881170 0.12402910 0.08287445 0.00000000
-0.15649120 0.48885880 0.14927150 1.00000000

0.51797080 -0.06844579 -0.85265540 0.00000000
0.04555075 0.99758630 -0.05240875 0.00000000
0.85418460 -0.01169285 0.51983840 0.00000000
-0.11895540 0.13812160 0.19962970 1.00000000

0.51797080 -0.06844579 -0.85265540 0.00000000
0.04555075 0.99758630 -0.05240875 0.00000000
0.85418460 -0.01169285 0.51983840 0.00000000
-0.24074080 0.03578502 0.13386190 1.00000000

0.68484750 -0.01024297 -0.72861440 0.00000000
0.00394878 0.99993870 -0.01034573 0.00000000
0.72867570 0.00420812 0.68484600 0.00000000
-0.03741526 1.04361500 -0.01329393 1.00000000

0.66973460 -0.05081896 -0.74085960 0.00000000
0.14550850 0.98729680 0.06381596 0.00000000
0.72820510 -0.15054110 0.66862140 0.00000000
-0.03673398 1.21613400 -0.01507887 1.00000000

0.65128270 -0.04683691 -0.75738820 0.00000000
0.05140518 0.99852380 -0.01754510 0.00000000
0.75709200 -0.02750686 0.65272900 0.00000000
-0.00943488 1.40136200 -0.00310624 1.00000000

0.14088690 0.95585720 -0.25785260 0.00000000
0.79119910 -0.26526470 -0.55103400 0.00000000
-0.59510910 -0.12637920 -0.79364570 0.00000000
0.05717711 1.49393200 -0.03511877 1.00000000

0.42858110 0.37345790 -0.82270730 0.00000000
0.40049640 -0.89475420 -0.19752830 0.00000000
-0.80988950 -0.24483440 -0.53304350 0.00000000
0.23432620 1.43453900 -0.15849500 1.00000000

0.42858110 0.37345790 -0.82270730 0.00000000
-0.03878027 -0.90213190 -0.42971400 0.00000000
-0.90267070 0.21607210 -0.37215400 0.00000000
0.34708160 1.18263200 -0.21410720 1.00000000

0.49133440 0.20530240 -0.84642850 0.00000000
-0.23018480 -0.90665990 -0.35352920 0.00000000
-0.84000320 0.36853610 -0.39821560 0.00000000
0.33777500 0.96446820 -0.31819910 1.00000000

-0.44389890 -0.04474365 0.89495920 0.00000000
-0.84000320 0.36853610 -0.39821560 0.00000000
-0.31200720 -0.92853620 -0.20117760 0.00000000
0.25867650 0.83999090 -0.32932730 1.00000000

-0.46448870 -0.86284770 -0.19935950 0.00000000
-0.30198050 -0.05730103 0.95159070 0.00000000
-0.83250120 0.50220560 -0.23394750 0.00000000
0.25323140 0.84652050 -0.39258970 1.00000000

0.03650403 0.47752120 0.87786200 0.00000000
0.54976910 0.72397350 -0.41667320 0.00000000
-0.83451890 0.49783150 -0.23609830 0.00000000
0.23878360 0.84377900 -0.34706230 1.00000000

-0.28420650 -0.88894660 -0.35916680 0.00000000
-0.50025920 -0.18208390 0.84651410 0.00000000
-0.81790420 0.42026110 -0.39295430 0.00000000
0.28604670 0.83106370 -0.37930370 1.00000000

-0.36175410 0.16350840 0.91782280 0.00000000
0.44767670 0.89403050 0.01717931 0.00000000
-0.81775270 0.41710260 -0.39661820 0.00000000
0.26137350 0.82285940 -0.33681740 1.00000000

-0.30773960 -0.93885810 -0.15440810 0.00000000
-0.43827610 -0.00416656 0.89883080 0.00000000
-0.84451790 0.34427910 -0.41019690 0.00000000
0.31624250 0.81646720 -0.35990030 1.00000000

-0.36841040 0.18241690 0.91159110 0.00000000
0.38866870 0.92097570 -0.02721816 0.00000000
-0.84451810 0.34427920 -0.41019680 0.00000000
0.29566860 0.81627150 -0.31770680 1.00000000

-0.22117480 -0.92916050 0.29621390 0.00000000
-0.36469890 0.36050150 0.85850660 0.00000000
-0.90447580 0.08185104 -0.41859770 0.00000000
0.34351090 0.80439570 -0.34132470 1.00000000

-0.23750950 0.72843320 0.64263090 0.00000000
0.35351120 0.68101420 -0.64128740 0.00000000
-0.90477560 0.07486534 -0.41925670 0.00000000
0.32813090 0.82049540 -0.30500700 1.00000000

-0.98600450 0.08138402 -0.14550700 0.00000000
-0.15142590 -0.80232470 0.57736080 0.00000000
-0.06975597 0.59131370 0.80341940 0.00000000
0.24946990 0.92436150 -0.35308970 1.00000000

-0.25900350 -0.78849720 0.55784360 0.00000000
0.96335450 -0.16917530 0.20815450 0.00000000
-0.06975597 0.59131370 0.80341940 0.00000000
0.23874340 0.87673040 -0.31896490 1.00000000

0.47814590 0.36085610 -0.80072430 0.00000000
-0.03878027 -0.90213190 -0.42971400 0.00000000
-0.87742380 0.23651830 -0.41735660 0.00000000
0.34204930 1.06390000 -0.27083630 1.00000000

0.61748740 -0.04292503 -0.78540870 0.00000000
0.08593169 -0.98885200 0.12160320 0.00000000
-0.78187290 -0.14257990 -0.60691500 0.00000000
0.23871380 1.43504400 -0.16340380 1.00000000

0.49517820 0.39272650 -0.77496090 0.00000000
0.40049640 -0.89475420 -0.19752830 0.00000000
-0.77097420 -0.21255730 -0.60034840 0.00000000
0.23432620 1.43453900 -0.15849500 1.00000000

0.52246900 0.39870940 -0.75369540 0.00000000
0.39989080 -0.89527390 -0.19639690 0.00000000
-0.75306920 -0.19878460 -0.62719320 0.00000000
0.28231310 1.32710600 -0.18206260 1.00000000

0.96564450 -0.02404219 -0.25875210 0.00000000
0.01272463 0.99889130 -0.04532546 0.00000000
0.25955500 0.04047576 0.96487980 0.00000000
-0.00172413 1.55114100 -0.00573802 1.00000000

0.99826540 0.04389436 -0.03923440 0.00000000
-0.04786758 0.99312250 -0.10684800 0.00000000
0.03427461 0.10854080 0.99350110 0.00000000
-0.00052803 1.64503700 -0.00999874 1.00000000

0.99826540 0.04389436 -0.03923440 0.00000000
-0.05411226 0.94662900 -0.31774990 0.00000000
0.02319312 0.31932180 0.94736250 0.00000000
-0.00924246 1.73534500 -0.13069040 1.00000000

0.99826540 0.04389436 -0.03923440 0.00000000
0.05411229 -0.94662900 0.31774990 0.00000000
-0.02319312 -0.31932180 -0.94736250 0.00000000
0.05623904 1.69004800 -0.10186370 1.00000000

0.99826540 0.04389436 -0.03923440 0.00000000
-0.05411226 0.94662900 -0.31774990 0.00000000
0.02319312 0.31932180 0.94736250 0.00000000
-0.06804244 1.68458800 -0.09697986 1.00000000

0.99826690 0.04391418 -0.03917500 0.00000000
0.05405881 -0.94736080 0.31557150 0.00000000
-0.02325496 -0.31714230 -0.94809280 0.00000000
0.03221776 1.72585500 -0.09115597 1.00000000

0.99826480 0.04388369 -0.03926584 0.00000000
-0.05411231 0.94662880 -0.31775100 0.00000000
0.02322626 0.31932450 0.94736100 0.00000000
-0.04648674 1.72239500 -0.08806276 1.00000000

0.99661420 0.06438708 -0.05113021 0.00000000
0.07732651 -0.94534340 0.31677430 0.00000000
-0.02793953 -0.31965550 -0.94712170 0.00000000
0.01125294 1.73891200 -0.13145200 1.00000000

0.99923510 0.02624861 -0.02898613 0.00000000
-0.03412496 0.94728780 -0.31856130 0.00000000
0.01909634 0.31930680 0.94745900 0.00000000
-0.02993843 1.73726600 -0.12986440 1.00000000

0.99826540 0.04389436 -0.03923440 0.00000000
0.05411229 -0.94662900 0.31774990 0.00000000
-0.02319312 -0.31932180 -0.94736250 0.00000000
0.06949629 1.73480700 -0.08822116 1.00000000

0.99826540 0.04389436 -0.03923440 0.00000000
-0.05411226 0.94662900 -0.31774990 0.00000000
0.02319312 0.31932180 0.94736250 0.00000000
-0.08406544 1.72809700 -0.08222147 1.00000000

0.99826540 0.04389436 -0.03923440 0.00000000
0.05422991 -0.94498780 0.32257930 0.00000000
-0.02291664 -0.32414730 -0.94572900 0.00000000
0.03218375 1.72638700 -0.09142706 1.00000000

0.99826540 0.04389436 -0.03923440 0.00000000
-0.05422988 0.94498780 -0.32257940 0.00000000
0.02291662 0.32414750 0.94572900 0.00000000
-0.04652077 1.72292700 -0.08833385 1.00000000

0.99734560 0.07190441 -0.01146990 0.00000000
-0.07196444 0.94942380 -0.30563950 0.00000000
-0.01108685 0.30565370 0.95207840 0.00000000
-0.00321268 1.69079400 -0.02711464 1.00000000

0.99722570 0.07346042 0.01203185 0.00000000
0.06863143 -0.96992210 0.23354070 0.00000000
0.02882591 -0.23206700 -0.97227280 0.00000000
0.01502992 1.64058100 -0.12983970 1.00000000

0.99734560 0.07190441 -0.01146990 0.00000000
-0.07261467 0.97057160 -0.22960470 0.00000000
-0.00537723 0.22982810 0.97321640 0.00000000
-0.00176416 1.64030900 -0.13395970 1.00000000

0.99691220 0.07030849 -0.03496525 0.00000000
-0.07655260 0.96935080 -0.23344950 0.00000000
0.01748019 0.23540540 0.97174020 0.00000000
-0.02056379 1.63830700 -0.12805130 1.00000000

0.99911530 0.02054109 -0.03669739 0.00000000
0.03187142 -0.93914300 0.34204540 0.00000000
-0.02743804 -0.34291230 -0.93896680 0.00000000
0.02613382 1.64062300 -0.11610530 1.00000000

0.99258150 0.11233820 -0.04649773 0.00000000
-0.12146080 0.93321370 -0.33817090 0.00000000
0.00540280 0.34130980 0.93993530 0.00000000
-0.03383040 1.63642200 -0.11332670 1.00000000

0.99790450 0.06202288 -0.01842901 0.00000000
0.06439857 -0.92447390 0.37576720 0.00000000
0.00626895 -0.37616640 -0.92653090 0.00000000
0.01291247 1.65196700 -0.12782890 1.00000000

0.99675970 0.06863099 -0.04194987 0.00000000
-0.07936583 0.92395450 -0.37417810 0.00000000
0.01307970 0.37629500 0.92640760 0.00000000
-0.00439969 1.65164100 -0.13258870 1.00000000

0.99488990 0.07697448 -0.06533784 0.00000000
-0.09635001 0.91724010 -0.38650700 0.00000000
0.03017944 0.39082720 0.91996930 0.00000000
-0.02122027 1.64950200 -0.12587320 1.00000000

0.99221090 0.11542740 -0.04684052 0.00000000
0.12432800 -0.94100920 0.31471360 0.00000000
-0.00775090 -0.31808580 -0.94803060 0.00000000
0.01064545 1.67763400 -0.12404540 1.00000000

0.99221090 0.11542740 -0.04684052 0.00000000
-0.12432800 0.94100900 -0.31471350 0.00000000
0.00775081 0.31808580 0.94803040 0.00000000
-0.00740715 1.68029800 -0.14557880 1.00000000

0.99221090 0.11542740 -0.04684052 0.00000000
-0.12432800 0.94100900 -0.31471350 0.00000000
0.00775081 0.31808580 0.94803040 0.00000000
-0.02271324 1.67410200 -0.12250880 1.00000000

0.99826540 0.04389436 -0.03923440 0.00000000
0.05638641 -0.52120550 0.85156650 0.00000000
0.01692975 -0.85230170 -0.52277660 0.00000000
-0.00030979 1.72084700 0.08036803 1.00000000

0.99826540 0.04389436 -0.03923440 0.00000000
-0.04921348 0.98792540 -0.14690640 0.00000000
0.03231227 0.14858240 0.98837200 0.00000000
-0.00822496 1.79240100 -0.04096476 1.00000000

0.17777600 -0.98197340 -0.06421661 0.00000000
0.65870040 0.16722410 -0.73358710 0.00000000
0.73110160 0.08811469 0.67655470 0.00000000
-0.02526674 1.49986000 0.06075685 1.00000000

0.82183160 -0.32487160 -0.46802920 0.00000000
0.17139340 0.92441570 -0.34070510 0.00000000
0.54333890 0.19978520 0.81539490 0.00000000
-0.17274990 1.46241800 0.22500680 1.00000000

0.82183160 -0.32487160 -0.46802920 0.00000000
0.33857330 0.93918760 -0.05740073 0.00000000
0.45821510 -0.11128840 0.88184700 0.00000000
-0.22100450 1.20216500 0.32092850 1.00000000

0.91839990 -0.11396690 -0.37888470 0.00000000
0.17420370 0.97627590 0.12860240 0.00000000
0.35523950 -0.18411150 0.91646480 0.00000000
-0.30304940 0.97502470 0.33489500 1.00000000

-0.93469750 -0.05729300 0.35079690 0.00000000
0.35523950 -0.18411150 0.91646480 0.00000000
0.01207876 0.98123430 0.19244120 0.00000000
-0.28493580 0.84156210 0.27378330 1.00000000

0.23322640 0.92429920 0.30212020 0.00000000
-0.95308610 0.15562640 0.25962970 0.00000000
0.19295770 -0.34849890 0.91723270 0.00000000
-0.34739950 0.83615710 0.26180470 1.00000000

-0.94231300 -0.32539680 0.07850760 0.00000000
0.27186470 -0.88081250 -0.38763270 0.00000000
0.19528480 -0.34392780 0.91846480 0.00000000
-0.30180050 0.82871170 0.24938320 1.00000000

0.15422770 0.96092900 0.22984610 0.00000000
-0.92641530 0.05977409 0.37172850 0.00000000
0.34346580 -0.27026380 0.89943810 0.00000000
-0.33557690 0.82753240 0.29755530 1.00000000

-0.92419630 -0.26115590 0.27867420 0.00000000
0.16061800 -0.92778160 -0.33678470 0.00000000
0.34650200 -0.26649480 0.89939830 0.00000000
-0.28930490 0.82548280 0.27922850 1.00000000

-0.07162385 0.97023410 0.23133630 0.00000000
-0.90449820 -0.16093940 0.39494530 0.00000000
0.42042030 -0.18095570 0.88910170 0.00000000
-0.31759990 0.82048930 0.33114950 1.00000000

-0.88260140 -0.30877660 0.35450240 0.00000000
0.21038450 -0.93376260 -0.28952760 0.00000000
0.42042030 -0.18095570 0.88910170 0.00000000
-0.27514030 0.82804380 0.31260920 1.00000000

-0.51931440 0.80833330 0.27732650 0.00000000
-0.72112660 -0.58863600 0.36535500 0.00000000
0.45857290 -0.01025333 0.88859750 0.00000000
-0.30051260 0.81539770 0.36142170 1.00000000

-0.67085020 -0.65772320 0.34257890 0.00000000
0.58373160 -0.75325250 -0.30309810 0.00000000
0.45740300 -0.00335930 0.88925310 0.00000000
-0.27022510 0.84111550 0.34605910 1.00000000

0.06931329 0.36205740 0.92957540 0.00000000
-0.58366720 0.77040240 -0.25654070 0.00000000
-0.80902960 -0.52478080 0.26472000 0.00000000
-0.32082220 0.91861410 0.25048130 1.00000000

-0.50241830 0.85117750 0.15189840 0.00000000
-0.30503680 -0.01011000 -0.95228690 0.00000000
-0.80902950 -0.52478080 0.26471990 0.00000000
-0.28618950 0.87211470 0.26414400 1.00000000

0.84024070 -0.32923360 -0.43081410 0.00000000
0.33857330 0.93918760 -0.05740073 0.00000000
0.42351350 -0.09763175 0.90061330 0.00000000
-0.26573100 1.07853800 0.32856720 1.00000000

0.78090560 0.10517400 -0.61573140 0.00000000
-0.14859540 0.98870430 -0.01957518 0.00000000
0.60671750 0.10678120 0.78771320 0.00000000
-0.18680770 1.46557900 0.23500940 1.00000000

0.78279110 -0.33776170 -0.52264240 0.00000000
0.17139340 0.92441570 -0.34070510 0.00000000
0.59821610 0.17712350 0.78151450 0.00000000
-0.17274990 1.46241800 0.22500680 1.00000000

0.76057710 -0.34275170 -0.55140170 0.00000000
0.17026340 0.92486750 -0.34004500 0.00000000
0.62652450 0.16474690 0.76179100 0.00000000
-0.19318150 1.35143400 0.26581220 1.00000000

0.69827740 0.00944310 -0.71576500 0.00000000
-0.00399106 0.99994880 0.00929877 0.00000000
0.71581610 -0.00363645 0.69827930 0.00000000
-0.10210720 1.00507300 -0.18129350 1.00000000

0.69841160 -0.03100635 -0.71502430 0.00000000
0.01119020 0.99941210 -0.03240836 0.00000000
0.71560880 0.01463314 0.69834800 0.00000000
-0.20849530 1.01568900 -0.08600116 1.00000000

0.68098880 -0.03852229 -0.73127980 0.00000000
0.00007600 -0.99861170 0.05267556 0.00000000
-0.73229400 -0.03592710 -0.68004070 0.00000000
-0.13459350 1.04005300 0.10336730 1.00000000

1.00000000 0.00000000 0.00000000 0.00000000
0.00000000 1.00000000 0.00000000 0.00000000
0.00000000 0.00000000 1.00000000 0.00000000
0.00000000 0.00000000 0.00000000 1.00000000

1.00000000 0.00000000 0.00000000 0.00000000
0.00000000 1.00000000 0.00000000 0.00000000
0.00000000 0.00000000 1.00000000 0.00000000
0.00000000 0.00000000 0.00000000 1.00000000

0.99826540 0.04389436 -0.03923440 0.00000000
-0.04921348 0.98792550 -0.14690650 0.00000000
0.03231221 0.14858250 0.98837200 0.00000000
-0.00008377 1.63216100 -0.01309492 1.00000000

0.69734390 -0.05902769 -0.71430190 0.00000000
-0.11921560 0.97316770 -0.19680490 0.00000000
0.70675250 0.22239670 0.67159560 0.00000000
-0.02684754 0.90645000 -0.00068177 1.00000000

0.95073850 0.17557200 -0.25548150 0.00000000
0.09879613 -0.95278690 -0.28711820 0.00000000
-0.29382950 0.24773370 -0.92319690 0.00000000
0.06547023 0.86718910 -0.09284109 1.00000000

0.95073850 0.17557200 -0.25548150 0.00000000
0.21067870 -0.97052290 0.11704830 0.00000000
-0.22740040 -0.16510680 -0.95970260 0.00000000
0.10498870 0.48607440 -0.20768830 1.00000000

0.99564910 0.08470744 -0.03883028 0.00000000
0.08384782 -0.99620720 -0.02326068 0.00000000
-0.04065350 0.01990368 -0.99897520 0.00000000
0.17955240 0.13990260 -0.16810620 1.00000000

0.99564910 0.08470744 -0.03883028 0.00000000
0.08384782 -0.99620720 -0.02326068 0.00000000
-0.04065350 0.01990368 -0.99897520 0.00000000
0.18271820 0.03883475 -0.30740860 1.00000000

0.11031580 -0.13391700 -0.98483320 0.00000000
0.09762939 0.98754910 -0.12335040 0.00000000
0.98909000 -0.08254117 0.12201650 0.00000000
-0.11935960 0.88283380 0.09648343 1.00000000

0.11031550 -0.13391710 -0.98483340 0.00000000
-0.11521030 0.98247840 -0.14650200 0.00000000
0.98719660 0.12962440 0.09295395 0.00000000
-0.15841140 0.48781500 0.14582430 1.00000000

0.51655210 -0.06708363 -0.85362390 0.00000000
0.04641786 0.99765420 -0.05031379 0.00000000
0.85499680 -0.01363371 0.51845430 0.00000000
-0.11954490 0.13746170 0.19781840 1.00000000

0.51655210 -0.06708363 -0.85362390 0.00000000
0.04641786 0.99765420 -0.05031379 0.00000000
0.85499680 -0.01363371 0.51845430 0.00000000
-0.24153190 0.03538382 0.13202210 1.00000000

0.68382380 -0.01538911 -0.72948490 0.00000000
0.00003529 0.99977820 -0.02105810 0.00000000
0.72964720 0.01437429 0.68367270 0.00000000
-0.04647438 1.04007500 -0.01980413 1.00000000

0.67554540 -0.07183820 -0.73381040 0.00000000
0.14947150 0.98792030 0.04088841 0.00000000
0.72200890 -0.13730570 0.67812280 0.00000000
-0.04646829 1.21256600 -0.02343727 1.00000000

0.65722620 -0.06856789 -0.75056790 0.00000000
0.05635335 0.99753610 -0.04178442 0.00000000
0.75158370 -0.01483517 0.65947100 0.00000000
-0.01842570 1.39791100 -0.01576613 1.00000000

0.15360440 0.94658260 -0.28352610 0.00000000
0.79601510 -0.28854180 -0.53207490 0.00000000
-0.58546200 -0.14396210 -0.79781540 0.00000000
0.04889092 1.48935200 -0.04950215 1.00000000

0.44182320 0.35587250 -0.82349680 0.00000000
0.39189030 -0.90229770 -0.17966900 0.00000000
-0.80697860 -0.24333850 -0.53811920 0.00000000
0.22711840 1.42474800 -0.16863340 1.00000000

0.44182320 0.35587250 -0.82349680 0.00000000
-0.04506782 -0.90798810 -0.41656530 0.00000000
-0.89596950 0.22116140 -0.38513190 0.00000000
0.33745090 1.17071600 -0.21921760 1.00000000

0.50169180 0.18677180 -0.84464290 0.00000000
-0.23701190 -0.90937070 -0.34186280 0.00000000
-0.83194410 0.37170010 -0.41195690 0.00000000
0.32662550 0.95113320 -0.32012880 1.00000000

-0.45291330 -0.02602374 0.89117470 0.00000000
-0.83194410 0.37170010 -0.41195690 0.00000000
-0.32052910 -0.92798810 -0.18999840 0.00000000
0.24623720 0.82738820 -0.33012380 1.00000000

-0.47227000 -0.86058540 -0.19066840 0.00000000
-0.31169380 -0.03928831 0.94937020 0.00000000
-0.82450510 0.50778890 -0.24968440 0.00000000
0.24147140 0.83300410 -0.39352860 1.00000000

0.03349501 0.49053280 0.87077920 0.00000000
0.56186440 0.71130960 -0.42231170 0.00000000
-0.82655120 0.50340500 -0.25178750 0.00000000
0.22655880 0.83112430 -0.34810730 1.00000000

-0.29077370 -0.89114590 -0.34829570 0.00000000
-0.51035430 -0.16345670 0.84428670 0.00000000
-0.80931410 0.42325070 -0.40727130 0.00000000
0.27398150 0.81738910 -0.37968920 1.00000000

-0.36864600 0.18162750 0.91165320 0.00000000
0.45755370 0.88914710 0.00787786 0.00000000
-0.80916300 0.42003450 -0.41088500 0.00000000
0.24881220 0.81011440 -0.33732470 1.00000000

-0.31682570 -0.93763640 -0.14303740 0.00000000
-0.44687010 0.01454294 0.89448060 0.00000000
-0.83661740 0.34731350 -0.42360930 0.00000000
0.30382370 0.80275730 -0.35977200 1.00000000

-0.37502850 0.20051080 0.90506880 0.00000000
0.39928090 0.91606160 -0.03749816 0.00000000
-0.83661750 0.34731360 -0.42360930 0.00000000
0.28284650 0.80343990 -0.31778280 1.00000000

-0.23447000 -0.92197270 0.30820520 0.00000000
-0.36879980 0.37770530 0.84930880 0.00000000
-0.89945020 0.08547137 -0.42858390 0.00000000
0.33077530 0.79066990 -0.34074960 1.00000000

-0.23540750 0.74083330 0.62908660 0.00000000
0.36729110 0.66708870 -0.64814350 0.00000000
-0.89982270 0.07848006 -0.42913920 0.00000000
0.31523150 0.80749670 -0.30483350 1.00000000

-0.98358660 0.09011351 -0.15632470 0.00000000
-0.16598560 -0.79161160 0.58804760 0.00000000
-0.07075718 0.60434320 0.79357620 0.00000000
0.23821100 0.91148050 -0.35526080 1.00000000

-0.27320880 -0.77688850 0.56727530 0.00000000
0.95934930 -0.17667310 0.22008250 0.00000000
-0.07075721 0.60434330 0.79357610 0.00000000
0.22662180 0.86450250 -0.32051830 1.00000000

0.48942650 0.34344770 -0.80156440 0.00000000
-0.04506782 -0.90798810 -0.41656530 0.00000000
-0.87087940 0.24000280 -0.42891510 0.00000000
0.33159290 1.05121100 -0.27421530 1.00000000

0.61854240 -0.06399487 -0.78314100 0.00000000
0.07578245 -0.98717300 0.14052200 0.00000000
-0.78208870 -0.14626710 -0.60575890 0.00000000
0.23127200 1.42505800 -0.17316820 1.00000000

0.50058530 0.37297590 -0.78121900 0.00000000
0.39189030 -0.90229770 -0.17966900 0.00000000
-0.77190450 -0.21621240 -0.59784280 0.00000000
0.22711840 1.42474800 -0.16863340 1.00000000

0.52900450 0.37938650 -0.75909160 0.00000000
0.39126660 -0.90279300 -0.17853670 0.00000000
-0.75303720 -0.20256050 -0.62602300 0.00000000
0.27407030 1.31641300 -0.19005780 1.00000000

0.96765700 -0.01984232 -0.25148760 0.00000000
0.00727150 0.99868150 -0.05081698 0.00000000
0.25216450 0.04734470 0.96652540 0.00000000
-0.00997272 1.54754100 -0.02203381 1.00000000

0.99875880 0.03049860 -0.03938028 0.00000000
-0.03406917 0.99504230 -0.09343462 0.00000000
0.03633568 0.09466030 0.99484620 0.00000000
-0.00928920 1.64141800 -0.02681071 1.00000000

0.99875880 0.03049860 -0.03938028 0.00000000
-0.04107860 0.95148560 -0.30493850 0.00000000
0.02816978 0.30617770 0.95155750 0.00000000
-0.01677889 1.73255000 -0.14618420 1.00000000

0.99875880 0.03049860 -0.03938028 0.00000000
0.04107860 -0.95148560 0.30493850 0.00000000
-0.02816978 -0.30617770 -0.95155750 0.00000000
0.04804930 1.68686600 -0.11810360 1.00000000

0.99875880 0.03049860 -0.03938028 0.00000000
-0.04107860 0.95148560 -0.30493850 0.00000000
0.02816978 0.30617770 0.95155750 0.00000000
-0.07629354 1.68307400 -0.11320150 1.00000000

0.99876050 0.03051765 -0.03932077 0.00000000
0.04101374 -0.95218690 0.30275050 0.00000000
-0.02820170 -0.30398790 -0.95225830 0.00000000
0.02453578 1.72285800 -0.10689700 1.00000000

0.99875770 0.03048837 -0.03941223 0.00000000
-0.04107863 0.95148530 -0.30493970 0.00000000
0.02820307 0.30617990 0.95155580 0.00000000
-0.05420763 1.72045400 -0.10379220 1.00000000

0.99396920 0.08460098 -0.06976950 0.00000000
0.10188440 -0.94776860 0.30224880 0.00000000
-0.04055491 -0.30753440 -0.95067240 0.00000000
0.00339565 1.73486000 -0.14694350 1.00000000

0.99978520 -0.01596276 -0.01321647 0.00000000
0.01113724 0.95166950 -0.30692210 0.00000000
0.01747715 0.30670900 0.95164290 0.00000000
-0.03691127 1.73382400 -0.14542750 1.00000000

0.99875880 0.03049860 -0.03938028 0.00000000
0.04107860 -0.95148560 0.30493850 0.00000000
-0.02816978 -0.30617770 -0.95155750 0.00000000
0.06191338 1.73187000 -0.10407530 1.00000000

0.99875880 0.03049860 -0.03938028 0.00000000
-0.04107860 0.95148560 -0.30493850 0.00000000
0.02816978 0.30617770 0.95155750 0.00000000
-0.09173287 1.72720900 -0.09809977 1.00000000

0.99875880 0.03049860 -0.03938028 0.00000000
0.04122175 -0.94991100 0.30978940 0.00000000
-0.02795979 -0.31102820 -0.94998930 0.00000000
0.02451083 1.72335700 -0.10714300 1.00000000

0.99875880 0.03049860 -0.03938028 0.00000000
-0.04122177 0.94991120 -0.30978950 0.00000000
0.02795979 0.31102830 0.94998920 0.00000000
-0.05423257 1.72095300 -0.10403820 1.00000000

0.99839640 0.05465560 -0.01474133 0.00000000
-0.05657822 0.95488960 -0.29152140 0.00000000
-0.00185686 0.29188800 0.95645070 0.00000000
-0.01134482 1.68743400 -0.04330715 1.00000000

0.99687680 0.07894275 0.00215709 0.00000000
0.07631664 -0.97001930 0.23073370 0.00000000
0.02030718 -0.22984840 -0.97301450 0.00000000
0.00608445 1.63704900 -0.14648840 1.00000000

0.99839640 0.05465560 -0.01474133 0.00000000
-0.05658934 0.97042500 -0.23467620 0.00000000
0.00147909 0.23513420 0.97196170 0.00000000
-0.01104844 1.63733500 -0.15070260 1.00000000

0.99903960 0.03032044 -0.03162682 0.00000000
-0.03682818 0.97218110 -0.23131670 0.00000000
0.02373344 0.23225940 0.97236430 0.00000000
-0.02973277 1.63531900 -0.14478130 1.00000000

0.99930680 0.00475517 -0.03692061 0.00000000
0.01657244 -0.94492980 0.32685420 0.00000000
-0.03333324 -0.32723950 -0.94435360 0.00000000
0.01697950 1.63798700 -0.13280840 1.00000000

0.99436150 0.09583437 -0.04539803 0.00000000
-0.10538780 0.94060900 -0.32272000 0.00000000
0.01177427 0.32568480 0.94540510 0.00000000
-0.04269041 1.63482500 -0.13013880 1.00000000

0.99701030 0.07444847 -0.02068615 0.00000000
0.07695486 -0.93259610 0.35262220 0.00000000
0.00696033 -0.35315980 -0.93553720 0.00000000
0.00475836 1.65253800 -0.14486470 1.00000000

0.99712270 0.06270786 -0.04259148 0.00000000
-0.07373583 0.93270470 -0.35302230 0.00000000
0.01758793 0.35514710 0.93464510 0.00000000
-0.01335142 1.65000600 -0.14950350 1.00000000

0.99717800 0.04132541 -0.06267637 0.00000000
-0.06136363 0.92963300 -0.36334110 0.00000000
0.04325092 0.36616170 0.92954550 0.00000000
-0.03077231 1.64957600 -0.14282760 1.00000000

