MeshAnim
1
44
79
30
0.70079610 -0.02148285 -0.71303810 0.00000000
-0.12182170 0.98125980 -0.14929420 0.00000000
0.70288290 0.19148830 0.68504600 0.00000000
-0.01430410 0.91134150 0.00746241 1.00000000

0.98706910 0.14370600 -0.07101440 0.00000000
0.12372440 -0.96470150 -0.23247210 0.00000000
-0.10191530 0.22067990 -0.97000710 0.00000000
0.07857296 0.87697100 -0.08607821 1.00000000

0.98706910 0.14370600 -0.07101440 0.00000000
0.14813920 -0.98704160 0.06167520 0.00000000
-0.06123102 -0.07139766 -0.99556680 0.00000000
0.13305550 0.45216070 -0.18844830 1.00000000

0.99557550 0.08724454 -0.03489962 0.00000000
0.08643655 -0.99596760 -0.02403042 0.00000000
-0.03685540 0.02090750 -0.99910200 0.00000000
0.18030620 0.13733210 -0.16877630 1.00000000

0.99557550 0.08724454 -0.03489962 0.00000000
0.08643655 -0.99596760 -0.02403042 0.00000000
-0.03685540 0.02090750 -0.99910200 0.00000000
0.18426220 0.03642678 -0.30817620 1.00000000

0.28214140 -0.12786430 -0.95081390 0.00000000
0.11255940 0.98864550 -0.09955139 0.00000000
0.95274690 -0.07893545 0.29333020 0.00000000
-0.10717190 0.88266460 0.10291130 1.00000000

0.28214120 -0.12786670 -0.95081370 0.00000000
-0.11264270 0.97980790 -0.16519110 0.00000000
0.95273720 0.15370940 0.26204080 0.00000000
-0.15673770 0.44731110 0.14674920 1.00000000

0.51876850 -0.06894720 -0.85213010 0.00000000
0.04491964 0.99756420 -0.05336789 0.00000000
0.85373390 -0.01059176 0.52060190 0.00000000
-0.12080920 0.13478930 0.19943910 1.00000000

0.51876850 -0.06894720 -0.85213010 0.00000000
0.04491964 0.99756420 -0.05336789 0.00000000
0.85373390 -0.01059176 0.52060190 0.00000000
-0.24246710 0.03230441 0.13366670 1.00000000

0.68651800 -0.00709338 -0.72707820 0.00000000
0.00637304 0.99997270 -0.00373825 0.00000000
0.72708490 -0.00206732 0.68654450 0.00000000
-0.03170045 1.04580500 -0.00779498 1.00000000

0.66746760 -0.03790802 -0.74367340 0.00000000
0.14297800 0.98664490 0.07803348 0.00000000
0.73078350 -0.15841380 0.66397350 0.00000000
-0.03060092 1.21832900 -0.00843995 1.00000000

0.64895840 -0.03358524 -0.76008220 0.00000000
0.04848158 0.99882030 -0.00274063 0.00000000
0.75927770 -0.03507144 0.64982110 0.00000000
0.00419392 1.40170800 0.01344186 1.00000000

0.13393290 0.96100540 -0.24193050 0.00000000
0.78921290 -0.25108180 -0.56044730 0.00000000
-0.59933740 -0.11587240 -0.79206610 0.00000000
0.05709004 1.49555700 -0.02881418 1.00000000

0.42233170 0.38425540 -0.82096520 0.00000000
0.40588720 -0.88999470 -0.20776300 0.00000000
-0.81048860 -0.24547440 -0.53183730 0.00000000
0.23379450 1.43934000 -0.15429800 1.00000000

0.42233170 0.38425540 -0.82096520 0.00000000
-0.03495739 -0.89812330 -0.43835280 0.00000000
-0.90576720 0.21382910 -0.36587330 0.00000000
0.35514040 1.17326400 -0.21641210 1.00000000

0.48651560 0.21669970 -0.84637100 0.00000000
-0.22610320 -0.90451870 -0.36155740 0.00000000
-0.84390770 0.36727050 -0.39106590 0.00000000
0.34636010 0.94767770 -0.32651540 1.00000000

-0.43986200 -0.05633966 0.89629670 0.00000000
-0.84390780 0.36727050 -0.39106580 0.00000000
-0.30715070 -0.92840650 -0.20909380 0.00000000
0.25449350 0.84374420 -0.34094980 1.00000000

-0.46002300 -0.86368160 -0.20599400 0.00000000
-0.29763330 -0.06858100 0.95221410 0.00000000
-0.83653680 0.49935100 -0.22551140 0.00000000
0.25522070 0.84908310 -0.39864070 1.00000000

0.03725505 0.46902290 0.88240030 0.00000000
0.54357080 0.73144190 -0.41173340 0.00000000
-0.83853660 0.49498600 -0.22769710 0.00000000
0.23886090 0.84531330 -0.34630130 1.00000000

-0.28025550 -0.88708420 -0.36679570 0.00000000
-0.49558220 -0.19353860 0.84672380 0.00000000
-0.82210420 0.41907630 -0.38538270 0.00000000
0.29340200 0.83142800 -0.38322690 1.00000000

-0.35890020 0.15217890 0.92088680 0.00000000
0.44225700 0.89656200 0.02420326 0.00000000
-0.82194890 0.41595520 -0.38907850 0.00000000
0.26542820 0.82127290 -0.33469190 1.00000000

-0.30262400 -0.93916470 -0.16244700 0.00000000
-0.43447200 -0.01576885 0.90054760 0.00000000
-0.84832380 0.34310600 -0.40326840 0.00000000
0.32734450 0.81527020 -0.36243680 1.00000000

-0.36569840 0.17110660 0.91487040 0.00000000
0.38289940 0.92358080 -0.01968054 0.00000000
-0.84832380 0.34310600 -0.40326830 0.00000000
0.30385480 0.81441740 -0.31374860 1.00000000

-0.21423270 -0.93339450 0.28788770 0.00000000
-0.36330080 0.34972760 0.86354120 0.00000000
-0.90670680 0.08040883 -0.41402600 0.00000000
0.35520940 0.80298980 -0.34388820 1.00000000

-0.23927470 0.72055610 0.65080510 0.00000000
0.34664040 0.68949820 -0.63595080 0.00000000
-0.90696670 0.07342830 -0.41475330 0.00000000
0.33729580 0.82112500 -0.30119870 1.00000000

-0.99024630 0.08830962 -0.10777100 0.00000000
-0.12966750 -0.86713980 0.48088990 0.00000000
-0.05098534 0.49017360 0.87013280 0.00000000
0.24785590 0.91473000 -0.35489990 1.00000000

-0.23784400 -0.85215690 0.46611090 0.00000000
0.96996470 -0.18319100 0.16003240 0.00000000
-0.05098522 0.49017360 0.87013280 0.00000000
0.23841760 0.86325180 -0.32645360 1.00000000

0.47272440 0.37158920 -0.79903270 0.00000000
-0.03495739 -0.89812330 -0.43835280 0.00000000
-0.88051690 0.23515200 -0.41157490 0.00000000
0.35113310 1.07030500 -0.26666410 1.00000000

0.68088680 0.44611530 -0.58083940 0.00000000
0.40588720 -0.88999470 -0.20776300 0.00000000
-0.60963030 -0.09429227 -0.78705810 0.00000000
0.23379450 1.43934000 -0.15429800 1.00000000

0.51630930 0.41087550 -0.75140290 0.00000000
0.40588720 -0.88999470 -0.20776300 0.00000000
-0.75410920 -0.19771490 -0.62628160 0.00000000
0.31091310 1.27024100 -0.19377290 1.00000000

0.50410910 0.51274380 -0.69495890 0.00000000
0.48681990 -0.83336810 -0.26173340 0.00000000
-0.71335880 -0.20637760 -0.66972230 0.00000000
0.28323100 1.48290900 -0.21793000 1.00000000

0.96046530 0.06996481 -0.26946550 0.00000000
-0.11422340 0.98172200 -0.15223330 0.00000000
0.25388910 0.17699400 0.95090140 0.00000000
0.01188849 1.58218600 0.01203682 1.00000000

0.99910570 0.02090862 -0.03675187 0.00000000
-0.02682610 0.98529850 -0.16872270 0.00000000
0.03268370 0.16955770 0.98497810 0.00000000
-0.00195976 1.70120900 -0.00641978 1.00000000

0.99910570 0.02090862 -0.03675187 0.00000000
-0.02682610 0.98529850 -0.16872270 0.00000000
0.03268370 0.16955770 0.98497810 0.00000000
-0.00777203 1.75151800 -0.13580500 1.00000000

0.99910570 0.02090862 -0.03675187 0.00000000
0.02682610 -0.98529850 0.16872270 0.00000000
-0.03268370 -0.16955770 -0.98497810 0.00000000
0.05200316 1.72209500 -0.10542550 1.00000000

0.99910570 0.02090862 -0.03675187 0.00000000
-0.02682610 0.98529850 -0.16872270 0.00000000
0.03268370 0.16955770 0.98497810 0.00000000
-0.06387310 1.71967000 -0.10116300 1.00000000

0.99952030 0.01411779 0.02756646 0.00000000
0.01694270 -0.99431840 -0.10509060 0.00000000
0.02592626 0.10550730 -0.99408060 0.00000000
0.03059818 1.74941500 -0.10474210 1.00000000

0.99981210 0.01569963 0.01138338 0.00000000
-0.01683635 0.99402820 0.10781620 0.00000000
-0.00962275 -0.10798760 0.99410580 0.00000000
-0.04363582 1.74786000 -0.10201130 1.00000000

0.99910570 0.02090862 -0.03675187 0.00000000
0.02682610 -0.98529850 0.16872270 0.00000000
-0.03268370 -0.16955770 -0.98497810 0.00000000
0.01090291 1.76046000 -0.14323980 1.00000000

0.99910570 0.02090862 -0.03675187 0.00000000
-0.02682610 0.98529850 -0.16872270 0.00000000
0.03268370 0.16955770 0.98497810 0.00000000
-0.02730238 1.75975900 -0.14185140 1.00000000

0.99910570 0.02090862 -0.03675187 0.00000000
0.02682609 -0.98529850 0.16872270 0.00000000
-0.03268370 -0.16955760 -0.98497820 0.00000000
0.05984809 1.76643900 -0.12607170 1.00000000

0.99910570 0.02090862 -0.03675187 0.00000000
-0.02682610 0.98529850 -0.16872270 0.00000000
0.03268370 0.16955770 0.98497810 0.00000000
-0.07506017 1.76366100 -0.12111690 1.00000000

0.99910570 0.02090862 -0.03675187 0.00000000
0.02699250 -0.98442070 0.17374600 0.00000000
-0.03254655 -0.17458260 -0.98410460 0.00000000
0.03057487 1.74996100 -0.10506480 1.00000000

0.99910570 0.02090862 -0.03675187 0.00000000
-0.02699251 0.98442050 -0.17374600 0.00000000
0.03254646 0.17458270 0.98410440 0.00000000
-0.04365908 1.74840600 -0.10233390 1.00000000

0.99885280 0.04775008 0.00361204 0.00000000
-0.04659097 0.98648800 -0.15706990 0.00000000
-0.01106334 0.15672140 0.98758100 0.00000000
-0.00330777 1.71281700 -0.03646164 1.00000000

0.99905230 0.04335574 -0.00386107 0.00000000
0.04352331 -0.99622550 0.07510538 0.00000000
-0.00059012 -0.07520221 -0.99716820 0.00000000
0.02028365 1.68744000 -0.13634370 1.00000000

0.99806850 0.06210984 0.00132439 0.00000000
-0.06188468 0.99586770 -0.06646729 0.00000000
-0.00544721 0.06625690 0.99778770 0.00000000
-0.00244847 1.68761700 -0.14003440 1.00000000

0.99871730 0.03495073 -0.03663555 0.00000000
-0.03762839 0.99646230 -0.07514712 0.00000000
0.03387967 0.07642926 0.99649930 0.00000000
-0.02926792 1.68588200 -0.13360760 1.00000000

0.99945330 -0.00057884 -0.03305659 0.00000000
0.00590827 -0.98062500 0.19580580 0.00000000
-0.03252944 -0.19589400 -0.98008560 0.00000000
0.04807493 1.68065100 -0.11339450 1.00000000

0.99551420 0.08202963 -0.04714638 0.00000000
-0.08963478 0.97720660 -0.19243910 0.00000000
0.03028592 0.19580180 0.98017570 0.00000000
-0.05717842 1.67678700 -0.10893950 1.00000000

0.99959830 0.02439426 -0.01442653 0.00000000
0.02711130 -0.97137960 0.23598010 0.00000000
-0.00825706 -0.23627640 -0.97165070 0.00000000
0.01918100 1.68965600 -0.13473310 1.00000000

0.99836250 0.04076129 -0.04013678 0.00000000
-0.04903599 0.97112170 -0.23349110 0.00000000
0.02946028 0.23507680 0.97153010 0.00000000
-0.00537877 1.68925300 -0.13847450 1.00000000

0.99743640 0.06240658 -0.03501356 0.00000000
-0.06917072 0.96618820 -0.24838630 0.00000000
0.01832870 0.25017150 0.96802820 0.00000000
-0.02969966 1.68806000 -0.13220330 1.00000000

0.99388370 0.09849716 -0.04993504 0.00000000
0.10548440 -0.98058590 0.16530140 0.00000000
-0.03268370 -0.16955770 -0.98497810 0.00000000
0.01282000 1.71160500 -0.13178550 1.00000000

0.99388370 0.09849716 -0.04993504 0.00000000
-0.10548440 0.98058580 -0.16530140 0.00000000
0.03268370 0.16955770 0.98497810 0.00000000
-0.00720486 1.70566200 -0.14647540 1.00000000

0.99388370 0.09849716 -0.04993504 0.00000000
-0.10548440 0.98058580 -0.16530140 0.00000000
0.03268370 0.16955770 0.98497810 0.00000000
-0.02561205 1.70864900 -0.13000120 1.00000000

0.99910570 0.02090862 -0.03675187 0.00000000
-0.02681256 0.98536870 -0.16831480 0.00000000
0.03269488 0.16914970 0.98504790 0.00000000
-0.00569116 1.79611600 -0.05385944 1.00000000

0.17764360 -0.98102640 -0.07765256 0.00000000
0.65393230 0.17664290 -0.73564250 0.00000000
0.73540150 0.07990257 0.67290440 0.00000000
-0.02505938 1.49980400 0.06740279 1.00000000

0.83547580 -0.33520670 -0.43544990 0.00000000
0.20288480 0.92458080 -0.32247190 0.00000000
0.51070340 0.18107130 0.84047330 0.00000000
-0.17147440 1.46026300 0.23211070 1.00000000

0.83547580 -0.33520670 -0.43544990 0.00000000
0.35744320 0.93336250 -0.03268877 0.00000000
0.41739010 -0.12833790 0.89961930 0.00000000
-0.23212890 1.18384200 0.32851850 1.00000000

0.92830310 -0.16405060 -0.33367770 0.00000000
0.21983600 0.96591050 0.13670750 0.00000000
0.29987590 -0.20026020 0.93272210 0.00000000
-0.32191010 0.94940420 0.33673000 1.00000000

-0.95237420 -0.00617030 0.30486930 0.00000000
0.29987590 -0.20026020 0.93272200 0.00000000
0.05529798 0.97972320 0.19257310 0.00000000
-0.31072810 0.83348390 0.26000030 1.00000000

0.26301570 0.91228690 0.31393530 0.00000000
-0.95611270 0.20291770 0.21136030 0.00000000
0.12911830 -0.35574850 0.92561960 0.00000000
-0.36811450 0.83120580 0.25232830 1.00000000

-0.95880230 -0.28258750 0.02902949 0.00000000
0.25175220 -0.89260090 -0.37401190 0.00000000
0.13160300 -0.35129510 0.92696960 0.00000000
-0.31556050 0.82005240 0.24071070 1.00000000

0.18978550 0.95244040 0.23840860 0.00000000
-0.93975200 0.10589460 0.32504300 0.00000000
0.28433780 -0.28573330 0.91515490 0.00000000
-0.35667020 0.82082390 0.29437990 1.00000000

-0.94810330 -0.21923950 0.23029220 0.00000000
0.13569390 -0.93399300 -0.33052120 0.00000000
0.28755450 -0.28211890 0.91527130 0.00000000
-0.30300410 0.81571520 0.27607050 1.00000000

-0.03500750 0.97279870 0.22899130 0.00000000
-0.92979730 -0.11570930 0.34941170 0.00000000
0.36640400 -0.20068330 0.90855640 0.00000000
-0.33948010 0.81207560 0.33276500 1.00000000

-0.91240700 -0.26888960 0.30856390 0.00000000
0.18237780 -0.94203220 -0.28162710 0.00000000
0.36640390 -0.20068340 0.90855650 0.00000000
-0.28921060 0.81833100 0.31387360 1.00000000

-0.49169780 0.83319090 0.25303480 0.00000000
-0.76624660 -0.55204650 0.32880250 0.00000000
0.41364220 -0.03221560 0.90986930 0.00000000
-0.32402470 0.80605610 0.36432730 1.00000000

-0.71576570 -0.62719290 0.30709760 0.00000000
0.56328500 -0.77845400 -0.27698340 0.00000000
0.41278350 -0.02527164 0.91047870 0.00000000
-0.28633570 0.83416830 0.34815930 1.00000000

0.04232746 0.34394170 0.93803670 0.00000000
-0.43079460 0.85339990 -0.29346980 0.00000000
-0.90145690 -0.39167920 0.18429050 0.00000000
-0.33142750 0.90054790 0.24124780 1.00000000

-0.37549780 0.91937800 0.11724080 0.00000000
-0.21535330 0.03648693 -0.97585440 0.00000000
-0.90145680 -0.39167920 0.18429040 0.00000000
-0.30585060 0.84913780 0.25709490 1.00000000

0.85451470 -0.34097080 -0.39184660 0.00000000
0.35744320 0.93336250 -0.03268877 0.00000000
0.37688100 -0.11212990 0.91944970 0.00000000
-0.27310480 1.07683800 0.33226600 1.00000000

0.65406840 -0.37303910 -0.65805510 0.00000000
0.20288480 0.92458080 -0.32247190 0.00000000
0.72871990 0.07740926 0.68042300 0.00000000
-0.17147440 1.46026300 0.23211070 1.00000000

0.79120560 -0.34881420 -0.50231730 0.00000000
0.20288480 0.92458080 -0.32247190 0.00000000
0.57691570 0.15322900 0.80230270 0.00000000
-0.21002090 1.28459200 0.29337930 1.00000000

0.69899680 -0.58314710 -0.41393580 0.00000000
0.37346240 0.79129870 -0.48412010 0.00000000
0.60986010 0.18380890 0.77089880 0.00000000
-0.23606690 1.51041500 0.27338170 1.00000000

0.99938650 -0.03502165 0.00000000 0.00000000
0.03502167 0.99938650 -0.00000005 0.00000000
0.00000006 0.00000004 1.00000000 0.00000000
-0.17392100 0.94981600 0.08083943 1.00000000

1.00000000 0.00000000 0.00000000 0.00000000
0.00000000 1.00000000 0.00000000 0.00000000
0.00000000 0.00000000 1.00000000 0.00000000
0.00000000 0.00000000 0.00000000 1.00000000

1.00000000 0.00000000 0.00000000 0.00000000
0.00000000 1.00000000 0.00000000 0.00000000
0.00000000 0.00000000 1.00000000 0.00000000
0.00000000 0.00000000 0.00000000 1.00000000

0.69957540 -0.03721541 -0.71358900 0.00000000
-0.12060870 0.97816500 -0.16925390 0.00000000
0.70430660 0.20447090 0.67981170 0.00000000
-0.01788794 0.90990280 0.00531002 1.00000000

0.98289680 0.15274130 -0.10287850 0.00000000
0.12427510 -0.96240150 -0.24153590 0.00000000
-0.13590320 0.22461950 -0.96492330 0.00000000
0.07478200 0.87347360 -0.08765519 1.00000000

0.98289680 0.15274130 -0.10287850 0.00000000
0.16206560 -0.98272810 0.08933432 0.00000000
-0.08745679 -0.10447960 -0.99067440 0.00000000
0.12950700 0.44967610 -0.19401650 1.00000000

0.99514000 0.08888665 -0.04237616 0.00000000
0.08800957 -0.99587380 -0.02213589 0.00000000
-0.04416916 0.01829874 -0.99885680 0.00000000
0.18119980 0.13622330 -0.16552230 1.00000000

0.99514000 0.08888665 -0.04237616 0.00000000
0.08800957 -0.99587380 -0.02213589 0.00000000
-0.04416916 0.01829874 -0.99885680 0.00000000
0.18431750 0.03497034 -0.30469120 1.00000000

0.29064980 -0.12913810 -0.94807490 0.00000000
0.10214640 0.98937580 -0.10344880 0.00000000
0.95136160 -0.06677508 0.30075300 0.00000000
-0.11063930 0.88333700 0.10148030 1.00000000

0.29064960 -0.12914030 -0.94807470 0.00000000
-0.11286460 0.97930550 -0.16799510 0.00000000
0.95014970 0.15583180 0.27005950 0.00000000
-0.15561980 0.44766190 0.14703450 1.00000000

0.51929160 -0.06958805 -0.85175920 0.00000000
0.04611538 0.99750890 -0.05338056 0.00000000
0.85335200 -0.01155913 0.52120720 0.00000000
-0.11962040 0.13530050 0.20061880 1.00000000

0.51929160 -0.06958805 -0.85175920 0.00000000
0.04611538 0.99750890 -0.05338056 0.00000000
0.85335200 -0.01155913 0.52120720 0.00000000
-0.24135060 0.03295380 0.13476470 1.00000000

0.68484750 -0.01024297 -0.72861440 0.00000000
0.00394878 0.99993870 -0.01034573 0.00000000
0.72867570 0.00420812 0.68484600 0.00000000
-0.03525225 1.04422200 -0.01120363 1.00000000

0.66973460 -0.05081896 -0.74085960 0.00000000
0.14550850 0.98729680 0.06381596 0.00000000
0.72820510 -0.15054110 0.66862140 0.00000000
-0.03457097 1.21674000 -0.01298857 1.00000000

0.65128270 -0.04683691 -0.75738820 0.00000000
0.05140518 0.99852380 -0.01754510 0.00000000
0.75709200 -0.02750686 0.65272900 0.00000000
0.00067049 1.40032700 0.00627656 1.00000000

0.13926740 0.95628260 -0.25715420 0.00000000
0.79152080 -0.26354860 -0.55139570 0.00000000
-0.59506290 -0.12675140 -0.79362140 0.00000000
0.05397504 1.49338000 -0.03720903 1.00000000

0.43013640 0.38156100 -0.81816490 0.00000000
0.41593150 -0.88812890 -0.19552060 0.00000000
-0.80123900 -0.25619990 -0.54072000 0.00000000
0.23119620 1.43437200 -0.16066620 1.00000000

0.43013640 0.38156100 -0.81816490 0.00000000
-0.02109221 -0.90179410 -0.43165150 0.00000000
-0.90251770 0.20292600 -0.37984670 0.00000000
0.35554510 1.16885300 -0.21912030 1.00000000

0.49612690 0.21438770 -0.84136560 0.00000000
-0.21320690 -0.90928390 -0.35741550 0.00000000
-0.84166590 0.35670840 -0.40541140 0.00000000
0.35024730 0.94234520 -0.32754040 1.00000000

-0.45156670 -0.05323525 0.89064810 0.00000000
-0.84166590 0.35670840 -0.40541140 0.00000000
-0.29611920 -0.93269810 -0.20588400 0.00000000
0.25950060 0.83749170 -0.34239860 1.00000000

-0.44958070 -0.86930880 -0.20537780 0.00000000
-0.31001410 -0.06377804 0.94859060 0.00000000
-0.83771640 0.49013790 -0.24082460 0.00000000
0.26096980 0.84238600 -0.40011470 1.00000000

0.02107593 0.47621210 0.87907830 0.00000000
0.54272260 0.73299420 -0.41008780 0.00000000
-0.83964800 0.48573850 -0.24300270 0.00000000
0.24392950 0.83888040 -0.34797450 1.00000000

-0.26743300 -0.89237170 -0.36352800 0.00000000
-0.50539990 -0.19130590 0.84141140 0.00000000
-0.82039670 0.40874820 -0.39984310 0.00000000
0.29908990 0.82519110 -0.38404330 1.00000000

-0.37277820 0.15617860 0.91468300 0.00000000
0.43401480 0.90060950 0.02310693 0.00000000
-0.82016320 0.40559980 -0.40351150 0.00000000
0.27054510 0.81516770 -0.33581450 1.00000000

-0.29213680 -0.94305090 -0.15909610 0.00000000
-0.44659070 -0.01258633 0.89465000 0.00000000
-0.84570280 0.33241110 -0.41748080 0.00000000
0.33288520 0.80949780 -0.36266600 1.00000000

-0.37965890 0.17499770 0.90842480 0.00000000
0.37502850 0.92675730 -0.02179314 0.00000000
-0.84570290 0.33241120 -0.41748060 0.00000000
0.30874020 0.80881700 -0.31429670 1.00000000

-0.20996550 -0.93298040 0.29233960 0.00000000
-0.37812430 0.35322660 0.85571800 0.00000000
-0.90163000 0.06913069 -0.42694810 0.00000000
0.36060040 0.79761030 -0.34364320 1.00000000

-0.25445370 0.72346760 0.64175470 0.00000000
0.34925160 0.68755650 -0.63662400 0.00000000
-0.90181870 0.06214259 -0.42762320 0.00000000
0.34194650 0.81591870 -0.30134660 1.00000000

-0.98941550 0.07868220 -0.12193020 0.00000000
-0.12863110 -0.86447330 0.48594300 0.00000000
-0.06717029 0.49648340 0.86544400 0.00000000
0.25243280 0.90830480 -0.35700020 1.00000000

-0.23672250 -0.85056560 0.46957530 0.00000000
0.96925310 -0.17332860 0.17466170 0.00000000
-0.06717014 0.49648340 0.86544390 0.00000000
0.24305770 0.85696860 -0.32827760 1.00000000

0.47967090 0.36968310 -0.79577030 0.00000000
-0.02109221 -0.90179410 -0.43165150 0.00000000
-0.87719510 0.22383520 -0.42476700 0.00000000
0.35312720 1.06547300 -0.26860410 1.00000000

0.68037800 0.44656340 -0.58109110 0.00000000
0.41593150 -0.88812890 -0.19552060 0.00000000
-0.60339620 -0.10866620 -0.79000330 0.00000000
0.23119620 1.43437200 -0.16066620 1.00000000

0.51983190 0.40860730 -0.75021000 0.00000000
0.41593150 -0.88812890 -0.19552060 0.00000000
-0.74617420 -0.21039800 -0.63163040 0.00000000
0.31022320 1.26562700 -0.19781510 1.00000000

0.51032220 0.49903780 -0.70038030 0.00000000
0.48499320 -0.83955150 -0.24481730 0.00000000
-0.71017830 -0.21474390 -0.67047170 0.00000000
0.28116880 1.47667200 -0.22469790 1.00000000

0.96039440 0.07192592 -0.26920140 0.00000000
-0.11715000 0.98080340 -0.15588690 0.00000000
0.25282140 0.18124980 0.95038410 0.00000000
0.00889626 1.58074100 0.00219314 1.00000000

0.99922130 0.01297382 -0.03726271 0.00000000
-0.01880681 0.98681870 -0.16073270 0.00000000
0.03468630 0.16130830 0.98629430 0.00000000
-0.00530679 1.69965200 -0.01670641 1.00000000

0.99922130 0.01297382 -0.03726271 0.00000000
-0.01880681 0.98681870 -0.16073270 0.00000000
0.03468630 0.16130830 0.98629430 0.00000000
-0.01077324 1.75050000 -0.14558670 1.00000000

0.99922130 0.01297382 -0.03726271 0.00000000
0.01880681 -0.98681870 0.16073270 0.00000000
-0.03468630 -0.16130830 -0.98629430 0.00000000
0.04876552 1.72089300 -0.11557680 1.00000000

0.99922130 0.01297382 -0.03726271 0.00000000
-0.01880681 0.98681870 -0.16073270 0.00000000
0.03468630 0.16130830 0.98629430 0.00000000
-0.06712415 1.71938900 -0.11125500 1.00000000

0.99923880 0.00508686 0.03867689 0.00000000
0.00915275 -0.99435750 -0.10568640 0.00000000
0.03792101 0.10595990 -0.99364720 0.00000000
0.02758688 1.74838300 -0.11465800 1.00000000

0.99978410 0.00701840 0.01956242 0.00000000
-0.00907549 0.99420290 0.10713620 0.00000000
-0.01869696 -0.10729060 0.99405180 0.00000000
-0.04665569 1.74741800 -0.11188920 1.00000000

0.99819650 0.03282926 -0.05025911 0.00000000
0.04048732 -0.98630910 0.15986190 0.00000000
-0.04432282 -0.16160840 -0.98585950 0.00000000
0.00773419 1.75873300 -0.15294380 1.00000000

0.99965170 -0.00410982 -0.02606890 0.00000000
-0.00015321 0.98687960 -0.16145780 0.00000000
0.02639049 0.16140550 0.98653540 0.00000000
-0.02994885 1.75835700 -0.15157140 1.00000000

0.99922130 0.01297382 -0.03726271 0.00000000
0.01880683 -0.98681880 0.16073260 0.00000000
-0.03468624 -0.16130820 -0.98629430 0.00000000
0.05695536 1.76566600 -0.13601800 1.00000000

0.99922130 0.01297382 -0.03726271 0.00000000
-0.01880681 0.98681870 -0.16073270 0.00000000
0.03468630 0.16130830 0.98629430 0.00000000
-0.07797413 1.76395000 -0.13102370 1.00000000

0.99922130 0.01297382 -0.03726271 0.00000000
0.01898354 -0.98598310 0.16576270 0.00000000
-0.03458995 -0.16634100 -0.98546160 0.00000000
0.02756901 1.74889900 -0.11495740 1.00000000

0.99922130 0.01297382 -0.03726271 0.00000000
-0.01898353 0.98598310 -0.16576280 0.00000000
0.03458992 0.16634100 0.98546140 0.00000000
-0.04667355 1.74793400 -0.11218860 1.00000000

0.99930150 0.03736982 0.00015986 0.00000000
-0.03693362 0.98827120 -0.14817520 0.00000000
-0.00569531 0.14806580 0.98896120 0.00000000
-0.00657756 1.71151400 -0.04665251 1.00000000

0.99876200 0.04929564 -0.00666773 0.00000000
0.04965333 -0.99604830 0.07363646 0.00000000
-0.00301158 -0.07387634 -0.99726270 0.00000000
0.01652069 1.68639000 -0.14672110 1.00000000

0.99858030 0.05322259 -0.00217226 0.00000000
-0.05324444 0.99614570 -0.06970546 0.00000000
-0.00154606 0.06972212 0.99756520 0.00000000
-0.00631676 1.68680600 -0.15041290 1.00000000

0.99928260 0.01017865 -0.03647807 0.00000000
-0.01284908 0.99719500 -0.07373631 0.00000000
0.03562537 0.07415210 0.99661040 0.00000000
-0.03299394 1.68528000 -0.14396850 1.00000000

0.99938780 -0.01022191 -0.03345975 0.00000000
-0.00382201 -0.98254090 0.18600760 0.00000000
-0.03477702 -0.18576580 -0.98197850 0.00000000
0.04440719 1.67964700 -0.12383250 1.00000000

0.99623070 0.07293940 -0.04695168 0.00000000
-0.08034995 0.97989580 -0.18261480 0.00000000
0.03268802 0.18569900 0.98206280 0.00000000
-0.06079445 1.67670900 -0.11937190 1.00000000

0.99932850 0.03220846 -0.01747245 0.00000000
0.03528008 -0.97455860 0.22133900 0.00000000
-0.00989893 -0.22180680 -0.97504060 0.00000000
0.01579397 1.68997000 -0.14528190 1.00000000

0.99843980 0.03755954 -0.04132167 0.00000000
-0.04575573 0.97446330 -0.21983480 0.00000000
0.03200975 0.22138250 0.97466160 0.00000000
-0.00897607 1.68888900 -0.14893950 1.00000000

0.99851080 0.04111965 -0.03585532 0.00000000
-0.04837713 0.97115890 -0.23347440 0.00000000
0.02522096 0.23486120 0.97170170 0.00000000
-0.03344019 1.68842800 -0.14270130 1.00000000

0.99526100 0.08413273 -0.04876143 0.00000000
0.09084529 -0.98331170 0.15762560 0.00000000
-0.03468630 -0.16130830 -0.98629450 0.00000000
0.00944694 1.71126900 -0.14204620 1.00000000

0.99526100 0.08413273 -0.04876143 0.00000000
-0.09084529 0.98331150 -0.15762560 0.00000000
0.03468630 0.16130830 0.98629430 0.00000000
-0.01060468 1.70546500 -0.15674770 1.00000000

0.99526100 0.08413273 -0.04876143 0.00000000
-0.09084529 0.98331150 -0.15762560 0.00000000
0.03468630 0.16130830 0.98629430 0.00000000
-0.02900833 1.70873100 -0.14027870 1.00000000

0.99922130 0.01297382 -0.03726271 0.00000000
-0.01879245 0.98688540 -0.16032420 0.00000000
0.03469402 0.16089960 0.98636090 0.00000000
-0.00828491 1.79496800 -0.06337462 1.00000000

0.17490440 -0.98261010 -0.06233615 0.00000000
0.65684030 0.16361300 -0.73606490 0.00000000
0.73346380 0.08779608 0.67403470 0.00000000
-0.02846862 1.49930500 0.05866698 1.00000000

0.81533370 -0.32880770 -0.47656710 0.00000000
0.16939130 0.92254980 -0.34671080 0.00000000
0.55365830 0.20195870 0.80788330 0.00000000
-0.17553470 1.46268100 0.22346930 1.00000000

0.81533370 -0.32880770 -0.47656710 0.00000000
0.33927550 0.93830270 -0.06693363 0.00000000
0.46917270 -0.10711430 0.87658640 0.00000000
-0.22617580 1.18686700 0.32712370 1.00000000

0.91470590 -0.11521770 -0.38734710 0.00000000
0.17926160 0.97471700 0.13338660 0.00000000
0.36218540 -0.19144600 0.91223360 0.00000000
-0.31139370 0.95118830 0.34393670 1.00000000

-0.93193800 -0.05579047 0.35830020 0.00000000
0.36218540 -0.19144600 0.91223360 0.00000000
0.01770118 0.97991620 0.19862220 0.00000000
-0.29889460 0.83650030 0.26557570 1.00000000

0.23509000 0.92209900 0.30735280 0.00000000
-0.95134290 0.15348780 0.26718590 0.00000000
0.19919710 -0.35521050 0.91331590 0.00000000
-0.35644250 0.83141380 0.26114780 1.00000000

-0.94043460 -0.33028270 0.08060017 0.00000000
0.27380300 -0.87633290 -0.39632400 0.00000000
0.20153180 -0.35064810 0.91456600 0.00000000
-0.30415070 0.82297750 0.24646180 1.00000000

0.15577080 0.95906560 0.23649250 0.00000000
-0.92374000 0.05662351 0.37881180 0.00000000
0.34991430 -0.27746540 0.89474740 0.00000000
-0.34211610 0.82132730 0.30238040 1.00000000

-0.92140450 -0.26786370 0.28153750 0.00000000
0.16260640 -0.92376390 -0.34672680 0.00000000
0.35294960 -0.27369570 0.89471630 0.00000000
-0.28939640 0.81902960 0.28100890 1.00000000

-0.06992414 0.96824320 0.24003290 0.00000000
-0.90146640 -0.16436960 0.40042640 0.00000000
0.42716420 -0.18838200 0.88433200 0.00000000
-0.32235050 0.81318440 0.33964230 1.00000000

-0.87888540 -0.31620670 0.35717430 0.00000000
0.21234660 -0.92979830 -0.30063850 0.00000000
0.42716420 -0.18838200 0.88433210 0.00000000
-0.27361270 0.82207080 0.31799270 1.00000000

-0.51703460 0.80585350 0.28857490 0.00000000
-0.71798790 -0.59184810 0.36634630 0.00000000
0.46601400 -0.01777952 0.88459890 0.00000000
-0.30483930 0.80772730 0.37021770 1.00000000

-0.66517560 -0.66423040 0.34108640 0.00000000
0.58434360 -0.74744880 -0.31601150 0.00000000
0.46484890 -0.01089147 0.88532310 0.00000000
-0.26957110 0.83779590 0.35221240 1.00000000

0.07877162 0.33917370 0.93741990 0.00000000
-0.48851430 0.83283070 -0.26028200 0.00000000
-0.86899290 -0.43744010 0.23129480 0.00000000
-0.32392130 0.90257510 0.24867840 1.00000000

-0.41318250 0.89866360 0.14725360 0.00000000
-0.27227060 0.03239544 -0.96167530 0.00000000
-0.86899300 -0.43744010 0.23129460 0.00000000
-0.29497080 0.85239790 0.26255030 1.00000000

0.83279170 -0.33268760 -0.44246720 0.00000000
0.33927550 0.93830270 -0.06693363 0.00000000
0.43743610 -0.09437645 0.89428340 0.00000000
-0.26506890 1.07929700 0.33479700 1.00000000

0.64840530 -0.36925530 -0.66574850 0.00000000
0.16939130 0.92254980 -0.34671080 0.00000000
0.74221100 0.11203710 0.66073500 0.00000000
-0.17553470 1.46268100 0.22346930 1.00000000

0.77932360 -0.34073110 -0.52588700 0.00000000
0.16939130 0.92254980 -0.34671080 0.00000000
0.60329200 0.18111920 0.77668170 0.00000000
-0.20771750 1.28739600 0.28934330 1.00000000

0.69855090 -0.59139100 -0.40284400 0.00000000
0.37743290 0.78281520 -0.49471690 0.00000000
0.60792350 0.19353830 0.77004670 0.00000000
-0.24010710 1.51364000 0.26377100 1.00000000

0.99951550 -0.03054019 -0.00600493 0.00000000
0.03055994 0.99952780 0.00322055 0.00000000
0.00590378 -0.00340251 0.99997690 0.00000000
-0.17732500 0.95012180 0.07814050 1.00000000

1.00000000 0.00000000 0.00000000 0.00000000
0.00000000 1.00000000 0.00000000 0.00000000
0.00000000 0.00000000 1.00000000 0.00000000
0.00000000 0.00000000 0.00000000 1.00000000

1.00000000 0.00000000 0.00000000 0.00000000
0.00000000 1.00000000 0.00000000 0.00000000
0.00000000 0.00000000 1.00000000 0.00000000
0.00000000 0.00000000 0.00000000 1.00000000

0.69734390 -0.05902769 -0.71430190 0.00000000
-0.11921560 0.97316770 -0.19680490 0.00000000
0.70675250 0.22239670 0.67159560 0.00000000
-0.02684754 0.90645000 -0.00068177 1.00000000

0.97457980 0.16774220 -0.14851540 0.00000000
0.12272650 -0.95429880 -0.27249290 0.00000000
-0.18743660 0.24733930 -0.95062670 0.00000000
0.06547023 0.86718910 -0.09284109 1.00000000

0.97457980 0.16774220 -0.14851540 0.00000000
0.18875660 -0.97185160 0.14098080 0.00000000
-0.12068650 -0.16543040 -0.97880940 0.00000000
0.11951340 0.44695960 -0.21283450 1.00000000

0.99555960 0.08585568 -0.03859806 0.00000000
0.08492167 -0.99606850 -0.02522214 0.00000000
-0.04061186 0.02183230 -0.99893650 0.00000000
0.17971950 0.13697610 -0.16786700 1.00000000

0.99555960 0.08585568 -0.03859806 0.00000000
0.08492167 -0.99606850 -0.02522214 0.00000000
-0.04061186 0.02183230 -0.99893650 0.00000000
0.18300290 0.03618699 -0.30736850 1.00000000

0.30489630 -0.13173940 -0.94323010 0.00000000
0.08726887 0.99008470 -0.11007410 0.00000000
0.94837890 -0.04875344 0.31336990 0.00000000
-0.11935960 0.88283380 0.09648343 1.00000000

0.30489610 -0.13174150 -0.94322990 0.00000000
-0.11431070 0.97816470 -0.17357140 0.00000000
0.94550070 0.16074250 0.28317920 0.00000000
-0.15778870 0.44684650 0.14495500 1.00000000

0.52013140 -0.07054584 -0.85116780 0.00000000
0.04825778 0.99741840 -0.05317795 0.00000000
0.85272190 -0.01341599 0.52219300 0.00000000
-0.12132810 0.13484900 0.20031790 1.00000000

0.52013140 -0.07054584 -0.85116780 0.00000000
0.04825778 0.99741840 -0.05317795 0.00000000
0.85272190 -0.01341599 0.52219300 0.00000000
-0.24319520 0.03276610 0.13430770 1.00000000

0.68382380 -0.01538911 -0.72948490 0.00000000
0.00003529 0.99977820 -0.02105810 0.00000000
0.72964720 0.01437429 0.68367270 0.00000000
-0.04429957 1.04069100 -0.01772897 1.00000000

0.67554540 -0.07183820 -0.73381040 0.00000000
0.14947150 0.98792030 0.04088841 0.00000000
0.72200890 -0.13730570 0.67812280 0.00000000
-0.04429348 1.21318200 -0.02136211 1.00000000

0.65722620 -0.06856789 -0.75056790 0.00000000
0.05635335 0.99753610 -0.04178442 0.00000000
0.75158370 -0.01483517 0.65947100 0.00000000
-0.00837611 1.39703000 -0.00629485 1.00000000

0.14920630 0.94780230 -0.28179460 0.00000000
0.79705490 -0.28394110 -0.53299220 0.00000000
-0.58518440 -0.14508000 -0.79781640 0.00000000
0.04572988 1.48873200 -0.05162239 1.00000000

0.44601410 0.37701560 -0.81174540 0.00000000
0.43312580 -0.88460020 -0.17287150 0.00000000
-0.78324540 -0.27448480 -0.55783940 0.00000000
0.22419010 1.42515800 -0.17095900 1.00000000

0.44601410 0.37701560 -0.81174540 0.00000000
0.00252265 -0.90747770 -0.42009240 0.00000000
-0.89502230 0.18531940 -0.40569910 0.00000000
0.35367950 1.16069400 -0.22264190 1.00000000

0.51487280 0.21050180 -0.83102030 0.00000000
-0.19133850 -0.91671180 -0.35075470 0.00000000
-0.83564070 0.33960040 -0.43171300 0.00000000
0.35431320 0.93275830 -0.32815860 1.00000000

-0.47382530 -0.04811844 0.87930330 0.00000000
-0.83564070 0.33960040 -0.43171300 0.00000000
-0.27783840 -0.93933810 -0.20112100 0.00000000
0.26543070 0.82645730 -0.34397010 1.00000000

-0.43211610 -0.87811080 -0.20541990 0.00000000
-0.33369770 -0.05592466 0.94101990 0.00000000
-0.83780750 0.47517790 -0.26885760 0.00000000
0.26833450 0.83062920 -0.40168860 1.00000000

-0.00834820 0.48772700 0.87295640 0.00000000
0.54310840 0.73521510 -0.40557610 0.00000000
-0.83962120 0.47072400 -0.27102650 0.00000000
0.24999250 0.82755510 -0.34996450 1.00000000

-0.24561420 -0.90064330 -0.35849020 0.00000000
-0.52445970 -0.18755380 0.83052120 0.00000000
-0.81523970 0.39200120 -0.42628550 0.00000000
0.30625580 0.81417980 -0.38441140 1.00000000

-0.39856900 0.16267380 0.90259610 0.00000000
0.42087220 0.90684310 0.02240978 0.00000000
-0.81486760 0.38880960 -0.42990460 0.00000000
0.27660520 0.80437730 -0.33680810 1.00000000

-0.27493360 -0.94903140 -0.15411300 0.00000000
-0.46951310 -0.00735552 0.88289480 0.00000000
-0.83902860 0.31509550 -0.44356060 0.00000000
0.33969510 0.79923920 -0.36196180 1.00000000

-0.40554190 0.18131240 0.89591380 0.00000000
0.36272160 0.93157970 -0.02434184 0.00000000
-0.83902860 0.31509550 -0.44356050 0.00000000
0.31431090 0.79884130 -0.31422820 1.00000000

-0.20468740 -0.93200220 0.29912330 0.00000000
-0.40508060 0.35885250 0.84091280 0.00000000
-0.89107390 0.05095512 -0.45098890 0.00000000
0.36706620 0.78798810 -0.34207360 1.00000000

-0.28097230 0.72801270 0.62534180 0.00000000
0.35624140 0.68415320 -0.63641730 0.00000000
-0.89114920 0.04395701 -0.45157620 0.00000000
0.34706820 0.80657490 -0.30051900 1.00000000

-0.98689220 0.06319365 -0.14849520 0.00000000
-0.12936740 -0.85987450 0.49384180 0.00000000
-0.09647942 0.50657880 0.85677870 0.00000000
0.25777490 0.89697030 -0.35968440 1.00000000

-0.23717670 -0.84769930 0.47450290 0.00000000
0.96666410 -0.15742810 0.20193460 0.00000000
-0.09647930 0.50657880 0.85677870 0.00000000
0.24836020 0.84588120 -0.33053760 1.00000000

0.49351230 0.36650120 -0.78874730 0.00000000
0.00252265 -0.90747770 -0.42009240 0.00000000
-0.86973520 0.20533110 -0.44877610 0.00000000
0.35396870 1.05666300 -0.27080050 1.00000000

0.68138310 0.44690240 -0.57965090 0.00000000
0.43312580 -0.88460020 -0.17287150 0.00000000
-0.59001620 -0.13327010 -0.79631660 0.00000000
0.22419010 1.42515800 -0.17095900 1.00000000

0.52828850 0.40454770 -0.74649330 0.00000000
0.43312580 -0.88460020 -0.17287150 0.00000000
-0.73028300 -0.23199950 -0.64254420 0.00000000
0.30648400 1.25708400 -0.20380460 1.00000000

0.52307260 0.47596800 -0.70700040 0.00000000
0.48252640 -0.84916470 -0.21468010 0.00000000
-0.70254060 -0.22885310 -0.67384200 0.00000000
0.27525200 1.46532800 -0.23540200 1.00000000

0.96100800 0.07548568 -0.26601850 0.00000000
-0.12177160 0.97924250 -0.16203630 0.00000000
0.24826540 0.18811160 0.95025170 0.00000000
0.00075122 1.57724800 -0.01476635 1.00000000

0.99928980 -0.00050484 -0.03767830 0.00000000
-0.00506222 0.98904750 -0.14751070 0.00000000
0.03734007 0.14759660 0.98834250 0.00000000
-0.01401217 1.69597000 -0.03441144 1.00000000

0.99928980 -0.00050484 -0.03767830 0.00000000
-0.00506222 0.98904750 -0.14751070 0.00000000
0.03734007 0.14759660 0.98834250 0.00000000
-0.01881425 1.74770800 -0.16246250 1.00000000

0.99928980 -0.00050484 -0.03767830 0.00000000
0.00506222 -0.98904750 0.14751070 0.00000000
-0.03734007 -0.14759660 -0.98834250 0.00000000
0.04031197 1.71777300 -0.13302100 1.00000000

0.99928980 -0.00050484 -0.03767830 0.00000000
-0.00506222 0.98904750 -0.14751070 0.00000000
0.03734007 0.14759660 0.98834250 0.00000000
-0.07558563 1.71783200 -0.12865100 1.00000000

0.99836120 -0.01008569 0.05633160 0.00000000
-0.00403766 -0.99430880 -0.10646270 0.00000000
0.05708480 0.10606080 -0.99271980 0.00000000
0.01952043 1.74554100 -0.13172210 1.00000000

0.99943700 -0.00755401 0.03269145 0.00000000
0.00406028 0.99439560 0.10564620 0.00000000
-0.03330636 -0.10545390 0.99386630 0.00000000
-0.05472724 1.74557800 -0.12892240 1.00000000

0.99612270 0.05197838 -0.07097971 0.00000000
0.06186565 -0.98748340 0.14508350 0.00000000
-0.06255016 -0.14891210 -0.98687030 0.00000000
-0.00059588 1.75533400 -0.16978550 1.00000000

0.99892440 -0.04548308 -0.00902370 0.00000000
0.04362949 0.98783170 -0.14928180 0.00000000
0.01570359 0.14872750 0.98875360 0.00000000
-0.03737591 1.75548400 -0.16847470 1.00000000

0.99928980 -0.00050484 -0.03767830 0.00000000
0.00506222 -0.98904750 0.14751060 0.00000000
-0.03734007 -0.14759660 -0.98834240 0.00000000
0.04911426 1.76321200 -0.15309170 1.00000000

0.99928980 -0.00050484 -0.03767830 0.00000000
-0.00506222 0.98904750 -0.14751070 0.00000000
0.03734007 0.14759660 0.98834250 0.00000000
-0.08583344 1.76330400 -0.14808740 1.00000000

0.99928980 -0.00050484 -0.03767830 0.00000000
0.00525264 -0.98828180 0.15255140 0.00000000
-0.03731391 -0.15264090 -0.98757720 0.00000000
0.01951042 1.74602600 -0.13199420 1.00000000

0.99928980 -0.00050484 -0.03767830 0.00000000
-0.00525265 0.98828170 -0.15255150 0.00000000
0.03731382 0.15264100 0.98757700 0.00000000
-0.05473727 1.74606200 -0.12919450 1.00000000

0.99978210 0.02035718 -0.00463483 0.00000000
-0.02079400 0.99081550 -0.13361150 0.00000000
0.00187233 0.13367870 0.99102290 0.00000000
-0.01512897 1.70824800 -0.06419549 1.00000000

0.99822240 0.05878700 -0.00980768 0.00000000
0.05933611 -0.99571700 0.07090266 0.00000000
-0.00559750 -0.07135857 -0.99743530 0.00000000
0.00739084 1.68320300 -0.16444210 1.00000000

0.99922880 0.03864408 -0.00697225 0.00000000
-0.03905828 0.99642600 -0.07489572 0.00000000
0.00405315 0.07511027 0.99716700 0.00000000
-0.01569478 1.68398200 -0.16823480 1.00000000

0.99889280 -0.03035618 -0.03594178 0.00000000
0.02772823 0.99705620 -0.07148507 0.00000000
0.03800595 0.07040932 0.99679390 0.00000000
-0.04202444 1.68279300 -0.16185290 1.00000000

0.99908760 -0.02608128 -0.03382057 0.00000000
-0.01995571 -0.98520020 0.17024320 0.00000000
-0.03776017 -0.16941290 -0.98482170 0.00000000
0.03516567 1.67695500 -0.14170690 1.00000000

0.99725060 0.05786448 -0.04629341 0.00000000
-0.06483176 0.98385040 -0.16683830 0.00000000
0.03589180 0.16938090 0.98489690 0.00000000
-0.06986566 1.67566600 -0.13730800 1.00000000

0.99878320 0.04442977 -0.02140710 0.00000000
0.04778433 -0.97921120 0.19713450 0.00000000
-0.01220343 -0.19791750 -0.98014260 0.00000000
0.00727560 1.69025900 -0.16348460 1.00000000

0.99859330 0.03151561 -0.04264125 0.00000000
-0.03935480 0.97946880 -0.19771720 0.00000000
0.03553453 0.19911720 0.97933130 0.00000000
-0.01806217 1.68727600 -0.16699700 1.00000000

0.99928990 0.00592673 -0.03720942 0.00000000
-0.01357663 0.97785150 -0.20885920 0.00000000
0.03514749 0.20921610 0.97723760 0.00000000
-0.04285409 1.68855300 -0.16082900 1.00000000

0.99707480 0.06050310 -0.04670542 0.00000000
0.06669135 -0.98719540 0.14490570 0.00000000
-0.03734010 -0.14759670 -0.98834260 0.00000000
0.00080433 1.70958400 -0.15967020 1.00000000

0.99707480 0.06050310 -0.04670542 0.00000000
-0.06669135 0.98719530 -0.14490570 0.00000000
0.03734007 0.14759660 0.98834250 0.00000000
-0.01928652 1.70402900 -0.17440370 1.00000000

0.99707480 0.06050310 -0.04670542 0.00000000
-0.06669135 0.98719530 -0.14490570 0.00000000
0.03734007 0.14759660 0.98834250 0.00000000
-0.03768215 1.70775400 -0.15794290 1.00000000

0.99928980 -0.00050484 -0.03767830 0.00000000
-0.00504673 0.98910860 -0.14710140 0.00000000
0.03734216 0.14718710 0.98840340 0.00000000
-0.01567521 1.79193400 -0.07979907 1.00000000

0.17011840 -0.98475070 -0.03641163 0.00000000
0.66384730 0.14183240 -0.73429590 0.00000000
0.72826270 0.10074550 0.67785230 0.00000000
-0.03746616 1.49740700 0.04339033 1.00000000

0.76161360 -0.30703090 -0.57068120 0.00000000
0.08179145 0.91913940 -0.38534780 0.00000000
0.64284920 0.24680920 0.72514160 0.00000000
-0.18610110 1.46566000 0.20779640 1.00000000

0.76161360 -0.30703090 -0.57068120 0.00000000
0.28438260 0.94966360 -0.13139810 0.00000000
0.58229840 -0.06221718 0.81059090 0.00000000
-0.21055270 1.19086500 0.32300180 1.00000000

0.85909950 0.00293983 -0.51180020 0.00000000
0.08879817 0.98396170 0.15470710 0.00000000
0.50404660 -0.17835560 0.84506000 0.00000000
-0.28198270 0.95233350 0.35600670 1.00000000

