MeshAnim
1
47
79
30
0.74545310 0.03277162 -0.66575190 0.00000000
-0.08392826 0.99545630 -0.04497452 0.00000000
0.66125310 0.08940181 0.74481650 0.00000000
0.01312186 0.86465350 0.00102533 1.00000000

0.97118690 0.20137500 0.12745290 0.00000000
0.23140880 -0.92469070 -0.30232030 0.00000000
0.05697456 0.32310320 -0.94464730 0.00000000
0.11096340 0.83758100 -0.08981209 1.00000000

0.97118690 0.20137500 0.12745290 0.00000000
0.15902400 -0.94591120 0.28277880 0.00000000
0.17750350 -0.25436300 -0.95067990 0.00000000
0.21286530 0.43038950 -0.22294010 1.00000000

0.99132810 0.06231830 -0.11569310 0.00000000
0.06203513 -0.99805580 -0.00605083 0.00000000
-0.11584540 -0.00117872 -0.99326680 0.00000000
0.26358780 0.12868010 -0.13274450 1.00000000

0.99116860 0.06228925 -0.11706690 0.00000000
0.06660189 -0.99722440 0.03329090 0.00000000
-0.11466840 -0.04079388 -0.99256610 0.00000000
0.25417830 0.02453077 -0.26947160 1.00000000

0.52401640 -0.29522780 -0.79890380 0.00000000
0.29523210 0.94280860 -0.15475800 0.00000000
0.79890230 -0.15476630 0.58120790 0.00000000
-0.08661766 0.82889450 0.08664428 1.00000000

0.52401450 -0.29523400 -0.79890290 0.00000000
-0.15297220 0.89012210 -0.42928110 0.00000000
0.83785940 0.34715940 0.42127420 0.00000000
-0.21662410 0.41372540 0.15479260 1.00000000

0.44429870 -0.10249560 -0.88999620 0.00000000
0.05992603 0.99460910 -0.08462720 0.00000000
0.89387230 -0.01573420 0.44804580 0.00000000
-0.16783200 0.12981020 0.29171720 1.00000000

0.43528010 -0.10270190 -0.89441800 0.00000000
-0.03788717 0.99050240 -0.13217310 0.00000000
0.89949750 0.09141927 0.42725490 0.00000000
-0.29655320 0.02833754 0.23914330 1.00000000

0.57907630 -0.14419930 -0.80241960 0.00000000
-0.03839955 0.97831730 -0.20352070 0.00000000
0.81436860 0.14866650 0.56098320 0.00000000
0.00052236 1.00030700 -0.00641113 1.00000000

0.59664370 -0.11065910 -0.79484020 0.00000000
-0.08588547 0.97595390 -0.20034370 0.00000000
0.79789730 0.18779900 0.57279280 0.00000000
-0.00610271 1.16909500 -0.04152448 1.00000000

0.60181370 -0.43103850 -0.67232890 0.00000000
-0.26368050 0.68739810 -0.67672470 0.00000000
0.75385200 0.58454220 0.30002920 0.00000000
-0.01351334 1.35424400 -0.07286392 1.00000000

-0.08079726 0.85327510 -0.51516340 0.00000000
0.76019840 -0.28152680 -0.58552650 0.00000000
-0.64464730 -0.43893530 -0.62591170 0.00000000
0.00624936 1.39874200 -0.17784310 1.00000000

0.32854100 0.57156320 -0.75191520 0.00000000
0.38816760 -0.80747680 -0.44419270 0.00000000
-0.86103810 -0.14593350 -0.48715150 0.00000000
0.17645360 1.33571000 -0.30893280 1.00000000

0.32730580 0.57141010 -0.75257000 0.00000000
-0.15741490 -0.75233650 -0.63969550 0.00000000
-0.93171430 0.32784160 -0.15629540 0.00000000
0.29250170 1.09430400 -0.44173070 1.00000000

0.58406700 0.33458380 -0.73954030 0.00000000
-0.39837160 -0.67566260 -0.62030640 0.00000000
-0.70722400 0.65691230 -0.26134310 0.00000000
0.25296320 0.90533710 -0.60240550 1.00000000

-0.50601710 -0.21217330 0.83602010 0.00000000
-0.70722400 0.65691230 -0.26134310 0.00000000
-0.49374170 -0.72349750 -0.48246300 0.00000000
0.14120990 0.83541650 -0.64792800 1.00000000

-0.48537780 -0.51732640 -0.70482760 0.00000000
-0.57619890 -0.41704580 0.70289970 0.00000000
-0.65757380 0.74729270 -0.09565797 0.00000000
0.14738250 0.85724510 -0.70124470 1.00000000

-0.29047640 -0.12967040 0.94805560 0.00000000
0.69343140 0.65420540 0.30194070 0.00000000
-0.65937570 0.74511800 -0.10011360 0.00000000
0.11571100 0.83432170 -0.66260900 1.00000000

-0.42428900 -0.69022920 -0.58614220 0.00000000
-0.56686430 -0.30231590 0.76633560 0.00000000
-0.70614710 0.65741040 -0.26299680 0.00000000
0.17931200 0.82723780 -0.69190820 1.00000000

-0.26807410 0.10189940 0.95799410 0.00000000
0.65508940 0.74840010 0.10370730 0.00000000
-0.70639510 0.65537270 -0.26737980 0.00000000
0.14742210 0.81071140 -0.64773540 1.00000000

-0.44726580 -0.84294970 -0.29898010 0.00000000
-0.43135810 -0.08953200 0.89772740 0.00000000
-0.78350720 0.53049020 -0.32356830 0.00000000
0.20706890 0.79803730 -0.67699910 1.00000000

-0.27437700 0.17185140 0.94614200 0.00000000
0.55752470 0.83008860 0.01090750 0.00000000
-0.78350720 0.53049020 -0.32356850 0.00000000
0.18374750 0.79319670 -0.62846340 1.00000000

-0.50162860 -0.86192850 -0.07381088 0.00000000
-0.41170700 0.16282230 0.89665320 0.00000000
-0.76083260 0.48017520 -0.43653790 0.00000000
0.22997020 0.77453800 -0.66304870 1.00000000

-0.11372880 0.57093190 0.81308230 0.00000000
0.63657830 0.67020570 -0.38156610 0.00000000
-0.76278030 0.47419540 -0.43966430 0.00000000
0.20988380 0.78333440 -0.61842440 1.00000000

-0.46074940 0.67380950 -0.57765980 0.00000000
-0.79565620 -0.60197090 -0.06754044 0.00000000
-0.39324420 0.42849940 0.81347880 0.00000000
0.15191790 0.90678400 -0.63958160 1.00000000

-0.91295350 -0.40270090 -0.06593835 0.00000000
0.32939420 -0.82264230 0.46342090 0.00000000
-0.24086400 0.40136210 0.88368180 0.00000000
0.10374370 0.87211010 -0.64460530 1.00000000

0.49193600 0.50193810 -0.71137690 0.00000000
-0.15741490 -0.75233650 -0.63969550 0.00000000
-0.85628220 0.42667070 -0.29108870 0.00000000
0.27445590 1.00805800 -0.51506410 1.00000000

-0.02419272 0.47298140 -0.88074030 0.00000000
0.38811510 -0.80745170 -0.44428470 0.00000000
-0.92129340 -0.35257700 -0.16403660 0.00000000
0.17645360 1.33571000 -0.30893290 1.00000000

0.06200337 0.50377540 -0.86160670 0.00000000
0.38816760 -0.80747680 -0.44419270 0.00000000
-0.91950080 -0.30690640 -0.24561540 0.00000000
0.25020540 1.18228900 -0.39332950 1.00000000

0.32003170 0.35319270 -0.87911020 0.00000000
0.60917020 -0.78737970 -0.09457631 0.00000000
-0.72559710 -0.50526030 -0.46714090 0.00000000
0.20268860 1.36641900 -0.37938830 1.00000000

0.93281080 -0.07344866 -0.35280200 0.00000000
-0.26617200 0.51954970 -0.81192400 0.00000000
0.24293280 0.85127750 0.46509180 0.00000000
-0.06220106 1.47760000 -0.19553010 1.00000000

0.99704170 0.03528743 -0.06828317 0.00000000
-0.04362219 0.99123500 -0.12470100 0.00000000
0.06328428 0.12731080 0.98984190 0.00000000
-0.09447134 1.54059000 -0.29396670 1.00000000

0.99704170 0.03528743 -0.06828317 0.00000000
-0.04362219 0.99123500 -0.12470100 0.00000000
0.06328428 0.12731080 0.98984190 0.00000000
-0.10440140 1.57979900 -0.41869830 1.00000000

0.95842860 -0.28425960 -0.02471524 0.00000000
-0.26686240 -0.92367810 0.27496130 0.00000000
-0.10098920 -0.25693520 -0.96113780 0.00000000
-0.05059282 1.57510500 -0.39859740 1.00000000

0.93974420 0.32629310 -0.10204830 0.00000000
-0.34127720 0.91302370 -0.22342290 0.00000000
0.02027121 0.24478700 0.96936500 0.00000000
-0.15493120 1.57071800 -0.39101740 1.00000000

0.99704160 0.03528738 -0.06828329 0.00000000
0.04362219 -0.99123500 0.12470100 0.00000000
-0.06328443 -0.12731080 -0.98984190 0.00000000
-0.06573267 1.59340600 -0.39110380 1.00000000

0.99704170 0.03528743 -0.06828317 0.00000000
-0.04362219 0.99123500 -0.12470100 0.00000000
0.06328428 0.12731080 0.98984190 0.00000000
-0.13981330 1.59078300 -0.38603030 1.00000000

0.97004370 0.18443160 -0.15811480 0.00000000
0.20321000 -0.97269540 0.11211350 0.00000000
-0.13312030 -0.14088540 -0.98103540 0.00000000
-0.08782223 1.59474300 -0.42828880 1.00000000

0.98499800 0.15158320 -0.08247083 0.00000000
-0.16054290 0.98021140 -0.11580810 0.00000000
0.06328428 0.12731080 0.98984190 0.00000000
-0.11972830 1.59528200 -0.42738420 1.00000000

0.99548800 0.03205714 0.08930662 0.00000000
0.03965321 -0.99562390 -0.08462293 0.00000000
0.08620328 0.08778249 -0.99240300 0.00000000
-0.03761598 1.61478200 -0.41435210 1.00000000

0.98545680 0.03693241 -0.16586430 0.00000000
-0.03638812 0.99931770 0.00632031 0.00000000
0.16598430 -0.00019287 0.98612840 0.00000000
-0.17241890 1.61113400 -0.40632940 1.00000000

0.98574400 0.14695990 -0.08192387 0.00000000
0.15603200 -0.98064050 0.11831450 0.00000000
-0.06295034 -0.12941060 -0.98959100 0.00000000
-0.06574953 1.59364100 -0.39122870 1.00000000

0.99559280 -0.07683611 -0.05376935 0.00000000
0.06660839 0.98296040 -0.17132440 0.00000000
0.06601715 0.16698780 0.98374640 0.00000000
-0.13981530 1.59077900 -0.38606150 1.00000000

0.99481900 0.09605949 -0.03327972 0.00000000
-0.09896009 0.98998810 -0.10065060 0.00000000
0.02327812 0.10342220 0.99436510 0.00000000
-0.09755681 1.55223200 -0.33300280 1.00000000

0.92782380 0.37277470 0.01348886 0.00000000
0.37300080 -0.92681930 -0.04332085 0.00000000
-0.00364724 0.04522550 -0.99897030 0.00000000
-0.07528791 1.51026600 -0.43370720 1.00000000

0.99576200 0.08611978 -0.03226811 0.00000000
-0.08542855 0.99609640 0.02222426 0.00000000
0.03405595 -0.01937356 0.99923210 0.00000000
-0.09965491 1.53042700 -0.43725340 1.00000000

0.97542070 -0.18285410 -0.12295880 0.00000000
0.18710870 0.98204850 0.02389521 0.00000000
0.11638200 -0.04631456 0.99212410 0.00000000
-0.12504990 1.50792300 -0.42767160 1.00000000

0.99748150 -0.06670961 -0.02409700 0.00000000
-0.06000529 -0.97481820 0.21477670 0.00000000
-0.03781781 -0.21278970 -0.97636610 0.00000000
-0.05209322 1.51756800 -0.40579150 1.00000000

0.96205900 0.24312300 -0.12382910 0.00000000
-0.26348810 0.94569610 -0.19034890 0.00000000
0.07082653 0.21575430 0.97387560 0.00000000
-0.14967400 1.51107400 -0.39620390 1.00000000

0.98785110 0.15531990 0.00509340 0.00000000
0.14625070 -0.94025320 0.30746470 0.00000000
0.05254462 -0.30298430 -0.95154590 0.00000000
-0.07602739 1.54372600 -0.42502780 1.00000000

0.99294850 0.09160660 -0.07524297 0.00000000
-0.11044200 0.94549490 -0.30633650 0.00000000
0.04307932 0.31248630 0.94894500 0.00000000
-0.10187970 1.53825800 -0.42588660 1.00000000

0.99199990 0.02895763 -0.12287270 0.00000000
-0.07085997 0.93326240 -0.35213690 0.00000000
0.10447530 0.35802650 0.92784800 0.00000000
-0.12870420 1.54024600 -0.41937440 1.00000000

0.99702360 0.03569349 -0.06833425 0.00000000
0.05194678 -0.96597660 0.25335860 0.00000000
-0.05696586 -0.25615420 -0.96495600 0.00000000
-0.08506303 1.56556900 -0.42028110 1.00000000

0.99702360 0.03569349 -0.06833425 0.00000000
-0.05194674 0.96597680 -0.25335850 0.00000000
0.05696589 0.25615410 0.96495590 0.00000000
-0.10472760 1.55710900 -0.43519930 1.00000000

0.99702360 0.03569349 -0.06833425 0.00000000
-0.05194674 0.96597680 -0.25335850 0.00000000
0.05696589 0.25615410 0.96495590 0.00000000
-0.12274210 1.56408000 -0.41768070 1.00000000

0.99704170 0.03528743 -0.06828317 0.00000000
-0.04359600 0.99128760 -0.12429110 0.00000000
0.06330231 0.12690020 0.98989360 0.00000000
-0.10085070 1.63740000 -0.33708260 1.00000000

0.30365390 -0.86213160 0.40561490 0.00000000
0.41161530 -0.26523770 -0.87190710 0.00000000
0.85928290 0.43171530 0.27432610 0.00000000
-0.06082902 1.44344000 -0.11399670 1.00000000

-0.30411770 -0.74165170 -0.59788390 0.00000000
0.51306280 0.40129740 -0.75876670 0.00000000
0.80266990 -0.53750650 0.25847230 0.00000000
-0.15298030 1.50268400 0.08126200 1.00000000

-0.30297190 -0.74229300 -0.59767000 0.00000000
0.92579630 -0.37802250 0.00018930 0.00000000
-0.22607320 -0.55326330 0.80174220 0.00000000
-0.30501420 1.38376800 0.30610140 1.00000000

-0.02700531 -0.20452960 -0.97848790 0.00000000
0.91701040 -0.39473990 0.05720243 0.00000000
-0.39794780 -0.89573900 0.19821560 0.00000000
-0.53552400 1.47789000 0.30605520 1.00000000

-0.13548020 0.26318130 0.95518650 0.00000000
-0.35794180 -0.91196310 0.20050280 0.00000000
0.92386310 -0.31473680 0.21775640 0.00000000
-0.61742640 1.55175000 0.23703280 1.00000000

0.76929100 -0.61934480 -0.15685500 0.00000000
0.25871710 0.07750559 0.96283880 0.00000000
-0.58417190 -0.78128430 0.21985940 0.00000000
-0.63281750 1.59229200 0.28006370 1.00000000

0.54433800 -0.20297180 0.81394000 0.00000000
-0.62273060 0.55233290 0.55419790 0.00000000
-0.56205240 -0.80853640 0.17425890 0.00000000
-0.64703850 1.58803200 0.22713980 1.00000000

0.79237630 -0.55254630 -0.25851960 0.00000000
0.31677630 0.01052445 0.94844190 0.00000000
-0.52133730 -0.83341580 0.18337280 0.00000000
-0.65219060 1.55326700 0.29049750 1.00000000

0.46972470 -0.13826750 0.87191780 0.00000000
-0.72720030 0.49938230 0.47095310 0.00000000
-0.50053790 -0.85527740 0.13402410 0.00000000
-0.66944720 1.55217200 0.23625480 1.00000000

0.87093170 -0.40299850 -0.28119460 0.00000000
0.32580400 0.04517306 0.94435760 0.00000000
-0.36787210 -0.91408510 0.17064090 0.00000000
-0.66878210 1.51384500 0.29451020 1.00000000

0.56644990 -0.10613200 0.81723340 0.00000000
-0.74576470 0.35596030 0.56314060 0.00000000
-0.35066980 -0.92845480 0.12248400 0.00000000
-0.68639670 1.51140400 0.24345370 1.00000000

0.90869540 -0.35813710 -0.21450040 0.00000000
0.22243200 -0.01943986 0.97475450 0.00000000
-0.35326550 -0.93346670 0.06199616 0.00000000
-0.68120940 1.48051300 0.29691240 1.00000000

0.59828110 -0.19104830 0.77817770 0.00000000
-0.73440590 0.25768290 0.62789140 0.00000000
-0.32048050 -0.94715370 0.01385975 0.00000000
-0.69153090 1.48121700 0.24828010 1.00000000

-0.94632400 -0.27840300 -0.16420300 0.00000000
-0.10453860 -0.21708870 0.97053830 0.00000000
-0.30584740 0.93560930 0.17633250 0.00000000
-0.55748930 1.56825200 0.25680460 1.00000000

-0.05571061 -0.25362960 0.96569600 0.00000000
0.95423820 0.27109160 0.12624880 0.00000000
-0.29381230 0.92853750 0.22692070 0.00000000
-0.54962310 1.58166100 0.19930160 1.00000000

-0.19574540 -0.47981890 -0.85525290 0.00000000
0.92579630 -0.37802250 0.00018930 0.00000000
-0.32339560 -0.79175320 0.51821070 0.00000000
-0.41115000 1.42710300 0.30607920 1.00000000

0.75058130 -0.63854090 0.16998050 0.00000000
0.51319300 0.40127490 -0.75869080 0.00000000
0.41624610 0.65669180 0.62888410 0.00000000
-0.15298030 1.50268400 0.08126200 1.00000000

0.41939790 -0.88847840 -0.18631110 0.00000000
0.51306280 0.40129740 -0.75876670 0.00000000
0.74891400 0.22263590 0.62414850 0.00000000
-0.25046300 1.42643600 0.22542650 1.00000000

0.65459570 -0.72110480 -0.22696300 0.00000000
0.11089170 0.38856710 -0.91472330 0.00000000
0.74780160 0.57360560 0.33431880 0.00000000
-0.20519760 1.56312100 0.09946286 1.00000000

0.74545310 0.03277162 -0.66575190 0.00000000
0.03291443 0.99576240 0.08587119 0.00000000
0.66574490 -0.08592578 0.74121560 0.00000000
-0.14984020 0.90040180 0.06816300 1.00000000

1.00000000 0.00000000 0.00000000 0.00000000
0.00000000 1.00000000 0.00000000 0.00000000
0.00000000 0.00000000 1.00000000 0.00000000
0.00000000 0.00000000 0.00000000 1.00000000

1.00000000 0.00000000 0.00000000 0.00000000
0.00000000 1.00000000 0.00000000 0.00000000
0.00000000 0.00000000 1.00000000 0.00000000
0.00000000 0.00000000 0.00000000 1.00000000

0.77113400 0.04987979 -0.63471600 0.00000000
-0.08034851 0.99657990 -0.01930039 0.00000000
0.63158260 0.06588166 0.77250440 0.00000000
0.01238935 0.86402250 -0.00426471 1.00000000

0.97017530 0.19772660 0.14022950 0.00000000
0.23151330 -0.92725940 -0.29426450 0.00000000
0.07184511 0.31795310 -0.94538030 0.00000000
0.11368260 0.83930890 -0.09193589 1.00000000

0.97017530 0.19772660 0.14022950 0.00000000
0.15249850 -0.94752310 0.28097020 0.00000000
0.18842590 -0.25120550 -0.94941640 0.00000000
0.21563050 0.43098630 -0.22151650 1.00000000

0.99224850 0.06257203 -0.10736740 0.00000000
0.06247697 -0.99803730 -0.00425222 0.00000000
-0.10742280 -0.00248882 -0.99421020 0.00000000
0.26427170 0.12876250 -0.13189780 1.00000000

0.99213150 0.06247428 -0.10849960 0.00000000
0.06288850 -0.99802040 0.00039634 0.00000000
-0.10826010 -0.00721664 -0.99409640 0.00000000
0.25606220 0.02443594 -0.26856680 1.00000000

0.52384590 -0.30304150 -0.79608510 0.00000000
0.29424800 0.94142320 -0.16474330 0.00000000
0.79937710 -0.14794630 0.58233000 0.00000000
-0.09070513 0.82608780 0.07629443 1.00000000

0.52384390 -0.30304770 -0.79608400 0.00000000
-0.15544530 0.88487200 -0.43913390 0.00000000
0.83751090 0.35378520 0.41642730 0.00000000
-0.21985460 0.41288410 0.14860260 1.00000000

0.45223080 -0.10031830 -0.88624130 0.00000000
0.05759788 0.99486510 -0.08322291 0.00000000
0.89003930 -0.01340967 0.45568670 0.00000000
-0.17043580 0.13156620 0.28821200 1.00000000

0.44318680 -0.10033590 -0.89079640 0.00000000
-0.02467508 0.99197440 -0.12400850 0.00000000
0.89608970 0.07693940 0.43715410 0.00000000
-0.29838910 0.02974856 0.23444480 1.00000000

0.62073910 -0.10989550 -0.77627710 0.00000000
-0.02777123 0.98642410 -0.16185230 0.00000000
0.78352530 0.12202620 0.60926000 0.00000000
-0.00025654 1.00779400 -0.00826906 1.00000000

0.63720180 -0.07658613 -0.76688240 0.00000000
-0.07269815 0.98464080 -0.15873780 0.00000000
0.76726070 0.15689890 0.62184700 0.00000000
-0.00468315 1.17798900 -0.03575585 1.00000000

0.62917250 -0.39081750 -0.67186580 0.00000000
-0.21467170 0.74340120 -0.63345930 0.00000000
0.74703280 0.54278580 0.38383000 0.00000000
-0.01050233 1.36649800 -0.05947867 1.00000000

-0.06738608 0.88784580 -0.45518030 0.00000000
0.73618010 -0.26368160 -0.62330650 0.00000000
-0.67342270 -0.37709680 -0.63584580 0.00000000
0.01565178 1.41850900 -0.15939820 1.00000000

0.44940910 0.57371620 -0.68474910 0.00000000
0.19311450 -0.81078470 -0.55257150 0.00000000
-0.87220320 0.11609560 -0.47516680 0.00000000
0.18047810 1.35947100 -0.29894740 1.00000000

0.44816930 0.57393000 -0.68538220 0.00000000
-0.24364520 -0.65924420 -0.71136080 0.00000000
-0.86010550 0.48580020 -0.15561760 0.00000000
0.23821250 1.11707700 -0.46414650 1.00000000

0.78124590 0.05144269 -0.62210000 0.00000000
-0.44847760 -0.64694920 -0.61670470 0.00000000
-0.43419200 0.76079610 -0.48235540 0.00000000
0.17701530 0.95149180 -0.64282180 1.00000000

-0.69149990 0.06168034 0.71973860 0.00000000
-0.43419200 0.76079610 -0.48235540 0.00000000
-0.57732610 -0.64605360 -0.49930920 0.00000000
0.06069086 0.90526430 -0.70431670 1.00000000

-0.40748610 -0.48124260 -0.77611900 0.00000000
-0.83170190 -0.15540600 0.53303030 0.00000000
-0.37713040 0.86270210 -0.33692460 0.00000000
0.08252232 0.91578110 -0.75695100 1.00000000

-0.63966200 0.02378147 0.76828860 0.00000000
0.66915850 0.50906310 0.54137060 0.00000000
-0.37823270 0.86040090 -0.34154160 0.00000000
0.03680684 0.90723910 -0.72765240 1.00000000

-0.41928340 -0.64561120 -0.63826940 0.00000000
-0.79781630 -0.07347136 0.59840720 0.00000000
-0.43323300 0.76012380 -0.48427370 0.00000000
0.10248530 0.88069280 -0.73751880 1.00000000

-0.52248500 0.23066250 0.82085620 0.00000000
0.73460180 0.61051540 0.29602690 0.00000000
-0.43286280 0.75767160 -0.48842990 0.00000000
0.05745412 0.87715460 -0.70286390 1.00000000

-0.54537080 -0.75480970 -0.36446320 0.00000000
-0.65525900 0.11278030 0.74693790 0.00000000
-0.52269180 0.64617570 -0.55610270 0.00000000
0.11770640 0.84833700 -0.71371100 1.00000000

-0.51004060 0.28566340 0.81132950 0.00000000
0.68311950 0.70771020 0.18026180 0.00000000
-0.52269180 0.64617570 -0.55610280 0.00000000
0.08227982 0.85443450 -0.67332780 1.00000000

-0.63709090 -0.74816240 -0.18538760 0.00000000
-0.58361600 0.31111350 0.75006720 0.00000000
-0.50349550 0.58605590 -0.63484690 0.00000000
0.13015890 0.82253610 -0.69252260 1.00000000

-0.31995400 0.56088130 0.76357160 0.00000000
0.80112180 0.59042270 -0.09800646 0.00000000
-0.50580010 0.58035620 -0.63824240 0.00000000
0.10164120 0.83861650 -0.65510170 1.00000000

-0.13276910 0.68876560 -0.71272330 0.00000000
-0.94187530 -0.31158130 -0.12565100 0.00000000
-0.30861550 0.65461390 0.69009970 0.00000000
0.08914976 0.97204880 -0.70157000 1.00000000

-0.93677250 0.10273220 -0.33452060 0.00000000
-0.27143450 -0.81665400 0.50931320 0.00000000
-0.22086470 0.56791080 0.79290380 0.00000000
0.03283827 0.95469130 -0.71028780 1.00000000

0.69991960 0.38821610 -0.59950050 0.00000000
-0.24364520 -0.65924420 -0.71136080 0.00000000
-0.67137900 0.64396080 -0.36683080 0.00000000
0.21028160 1.04150200 -0.54569560 1.00000000

-0.22530380 0.51153320 -0.82919970 0.00000000
0.19299540 -0.81078510 -0.55261240 0.00000000
-0.95498240 -0.28453730 0.08394951 0.00000000
0.18047810 1.35947100 -0.29894740 1.00000000

0.00258917 0.56359150 -0.82604940 0.00000000
0.19311450 -0.81078470 -0.55257150 0.00000000
-0.98117290 -0.15809150 -0.11093700 0.00000000
0.21716990 1.20542200 -0.40393600 1.00000000

0.30854610 0.40180840 -0.86217700 0.00000000
0.58202820 -0.79666690 -0.16298860 0.00000000
-0.75235810 -0.45152180 -0.47967210 0.00000000
0.20520020 1.39413100 -0.36692990 1.00000000

0.94307120 -0.08819278 -0.32068490 0.00000000
-0.20575140 0.60285220 -0.77086690 0.00000000
0.26131050 0.79296360 0.55038670 0.00000000
-0.05032732 1.50002900 -0.17444650 1.00000000

0.99836810 0.02750567 -0.05004546 0.00000000
-0.03155653 0.99612920 -0.08204287 0.00000000
0.04759505 0.08348820 0.99537150 0.00000000
-0.07527234 1.57311800 -0.26790540 1.00000000

0.99838020 0.02712233 -0.05001390 0.00000000
-0.03117238 0.99613960 -0.08206211 0.00000000
0.04759505 0.08348820 0.99537150 0.00000000
-0.08267196 1.61781500 -0.39095570 1.00000000

0.95609580 -0.29231830 -0.02075377 0.00000000
-0.28001650 -0.93215500 0.22951640 0.00000000
-0.08643737 -0.21362820 -0.97308360 0.00000000
-0.02924770 1.61162900 -0.37017030 1.00000000

0.95383660 0.29202990 -0.07010353 0.00000000
-0.30002350 0.93703280 -0.17876080 0.00000000
0.01348564 0.19154140 0.98139190 0.00000000
-0.13424770 1.60724200 -0.36406560 1.00000000

0.99836810 0.02750565 -0.05004555 0.00000000
0.03155653 -0.99612920 0.08204287 0.00000000
-0.04759505 -0.08348820 -0.99537150 0.00000000
-0.04434718 1.62979400 -0.36215290 1.00000000

0.99836810 0.02750567 -0.05004546 0.00000000
-0.03155653 0.99612920 -0.08204287 0.00000000
0.04759505 0.08348820 0.99537150 0.00000000
-0.11852640 1.62775000 -0.35843430 1.00000000

0.97881150 0.16294840 -0.12399920 0.00000000
0.17290430 -0.98213850 0.07421578 0.00000000
-0.10969090 -0.09408328 -0.98950300 0.00000000
-0.06567743 1.63437300 -0.39967530 1.00000000

0.99019990 0.12675050 -0.05864084 0.00000000
-0.13105780 0.98841110 -0.07659933 0.00000000
0.04825225 0.08353400 0.99533610 0.00000000
-0.09823535 1.63494900 -0.39908980 1.00000000

0.99639230 0.01900811 0.08271217 0.00000000
0.02688208 -0.99509980 -0.09515075 0.00000000
0.08049834 0.09703089 -0.99202080 0.00000000
-0.01564060 1.65245300 -0.38394350 1.00000000

0.99062180 0.03252468 -0.13270490 0.00000000
-0.02887737 0.99915290 0.02931775 0.00000000
0.13354590 -0.02521069 0.99072190 0.00000000
-0.15057030 1.64979000 -0.37814490 1.00000000

0.98842400 0.13978040 -0.05898723 0.00000000
0.14428660 -0.98624120 0.08068005 0.00000000
-0.04689804 -0.08825719 -0.99499300 0.00000000
-0.04435955 1.63003400 -0.36226770 1.00000000

0.99554870 -0.08512069 -0.04046386 0.00000000
0.07850504 0.98649820 -0.14372930 0.00000000
0.05215189 0.13991300 0.98878950 0.00000000
-0.11852780 1.62774700 -0.35846580 1.00000000

0.99691220 0.07668687 -0.01688832 0.00000000
-0.07758955 0.99508070 -0.06159888 0.00000000
0.01208135 0.06271891 0.99795810 0.00000000
-0.07752421 1.58656300 -0.30543970 1.00000000

0.94290770 0.33086820 0.03810072 0.00000000
0.33287840 -0.93994330 -0.07548982 0.00000000
0.01083538 0.08386276 -0.99641840 0.00000000
-0.05478005 1.54948000 -0.40750550 1.00000000

0.99769930 0.06582719 -0.01621523 0.00000000
-0.06471459 0.99600270 0.06156848 0.00000000
0.02020341 -0.06037733 0.99797110 0.00000000
-0.07861565 1.56891100 -0.41052070 1.00000000

0.97833680 -0.17614640 -0.10876480 0.00000000
0.18393870 0.98070180 0.06626083 0.00000000
0.09499416 -0.08483152 0.99185660 0.00000000
-0.10414940 1.54784100 -0.40265580 1.00000000

0.99710190 -0.07493997 -0.01310095 0.00000000
-0.07165089 -0.98294650 0.16935770 0.00000000
-0.02556920 -0.16792820 -0.98546760 0.00000000
-0.03126016 1.55437600 -0.37979300 1.00000000

0.97191020 0.21677980 -0.09163567 0.00000000
-0.22893040 0.96112020 -0.15439750 0.00000000
0.05460250 0.17103870 0.98375010 0.00000000
-0.12889660 1.54896600 -0.37246210 1.00000000

0.99132100 0.12943900 0.02297351 0.00000000
0.11855500 -0.95574970 0.26923560 0.00000000
0.05680656 -0.26417520 -0.96280040 0.00000000
-0.05481674 1.58091300 -0.39828220 1.00000000

0.99554430 0.07725710 -0.05406535 0.00000000
-0.08896492 0.95959320 -0.26695700 0.00000000
0.03125629 0.27057750 0.96219060 0.00000000
-0.08054101 1.57600700 -0.39991310 1.00000000

0.99468970 0.02196670 -0.10054820 0.00000000
-0.05183819 0.95091780 -0.30507090 0.00000000
0.08891174 0.30866310 0.94700670 0.00000000
-0.10707380 1.57776800 -0.39389660 1.00000000

0.99836890 0.02748377 -0.05004370 0.00000000
0.03750187 -0.97658860 0.21182220 0.00000000
-0.04305026 -0.21335340 -0.97602630 0.00000000
-0.06344594 1.60324800 -0.39281770 1.00000000

0.99836890 0.02748377 -0.05004370 0.00000000
-0.03750186 0.97658840 -0.21182200 0.00000000
0.04305029 0.21335340 0.97602610 0.00000000
-0.08293755 1.59571100 -0.40842110 1.00000000

0.99836890 0.02748377 -0.05004370 0.00000000
-0.03750186 0.97658840 -0.21182200 0.00000000
0.04305029 0.21335340 0.97602610 0.00000000
-0.10124540 1.60166800 -0.39087820 1.00000000

0.99836810 0.02750567 -0.05004546 0.00000000
-0.03153681 0.99616370 -0.08163065 0.00000000
0.04760805 0.08307567 0.99540530 0.00000000
-0.07994305 1.67177400 -0.30685660 1.00000000

0.24918140 -0.89251960 0.37592220 0.00000000
0.47441080 -0.22590970 -0.85082270 0.00000000
0.84430030 0.39035080 0.36712840 0.00000000
-0.05409663 1.45940400 -0.09438574 1.00000000

-0.25345390 -0.65238770 -0.71424880 0.00000000
0.58996330 0.48089850 -0.64859850 0.00000000
0.76661890 -0.58577050 0.26299910 0.00000000
-0.16031290 1.50984400 0.09614052 1.00000000

-0.25234320 -0.65308490 -0.71400480 0.00000000
0.93061650 -0.36594960 0.00582814 0.00000000
-0.26509620 -0.66299400 0.70011660 0.00000000
-0.33519210 1.36729400 0.28839800 1.00000000

-0.00003013 -0.07616928 -0.99709490 0.00000000
0.92885420 -0.36937140 0.02818859 0.00000000
-0.37044540 -0.92615490 0.07076137 0.00000000
-0.56697710 1.45843900 0.28694740 1.00000000

-0.16376530 0.13250640 0.97755970 0.00000000
-0.33205960 -0.94051740 0.07185729 0.00000000
0.92893350 -0.31284050 0.19802410 0.00000000
-0.65069000 1.53813900 0.22603810 1.00000000

0.79341520 -0.56879680 -0.21670880 0.00000000
0.23629500 -0.04027966 0.97084590 0.00000000
-0.56094310 -0.82149130 0.10244540 0.00000000
-0.66764900 1.57208800 0.27359370 1.00000000

0.53446980 -0.28973170 0.79397580 0.00000000
-0.65269240 0.45534020 0.60552310 0.00000000
-0.53696830 -0.84185560 0.05426002 0.00000000
-0.68063770 1.57430200 0.22022980 1.00000000

0.81621580 -0.48863040 -0.30827350 0.00000000
0.29693160 -0.10293010 0.94933510 0.00000000
-0.49560450 -0.86639810 0.06107655 0.00000000
-0.68585880 1.53143900 0.27840890 1.00000000

0.45648850 -0.23553880 0.85798570 0.00000000
-0.75354620 0.41037130 0.51357920 0.00000000
-0.47306060 -0.88097480 0.00984043 0.00000000
-0.70196400 1.53686500 0.22407250 1.00000000

0.88995840 -0.33497400 -0.30946200 0.00000000
0.30482780 -0.06777454 0.94999300 0.00000000
-0.33919650 -0.93978670 0.04179294 0.00000000
-0.70114520 1.49132200 0.27687630 1.00000000

0.55312430 -0.19348920 0.81031820 0.00000000
-0.76896880 0.25565030 0.58594360 0.00000000
-0.32053190 -0.94720900 -0.00738062 0.00000000
-0.71762580 1.49498700 0.22551510 1.00000000

0.92477750 -0.29799470 -0.23661340 0.00000000
0.20317440 -0.13905910 0.96921750 0.00000000
-0.32172490 -0.94438440 -0.06805374 0.00000000
-0.71245030 1.45758100 0.27463740 1.00000000

0.58867850 -0.27153960 0.76139620 0.00000000
-0.75550870 0.15019300 0.63769030 0.00000000
-0.28751440 -0.95063580 -0.11673490 0.00000000
-0.72180230 1.46428100 0.22626610 1.00000000

-0.93253180 -0.28470410 -0.22209930 0.00000000
-0.11656200 -0.34480630 0.93140880 0.00000000
-0.34175720 0.89445660 0.28835730 0.00000000
-0.59107350 1.55369600 0.24928050 1.00000000

-0.06640288 -0.37882990 0.92308130 0.00000000
0.94146350 0.28265180 0.18372420 0.00000000
-0.33051100 0.88124720 0.33788540 0.00000000
-0.58251540 1.57472000 0.19420760 1.00000000

-0.13946830 -0.36930330 -0.91878390 0.00000000
0.93061650 -0.36594960 0.00582814 0.00000000
-0.33838110 -0.85422240 0.39471810 0.00000000
-0.44188060 1.40924500 0.28772920 1.00000000

0.72217060 -0.67350890 0.15765590 0.00000000
0.59006600 0.48089510 -0.64850770 0.00000000
0.36095950 0.56136070 0.74470290 0.00000000
-0.16031290 1.50984400 0.09614052 1.00000000

0.42492150 -0.86796960 -0.25704210 0.00000000
0.58996330 0.48089850 -0.64859850 0.00000000
0.68657510 0.12395800 0.71641420 0.00000000
-0.27240660 1.41847200 0.21937280 1.00000000

0.65344460 -0.72515210 -0.21717390 0.00000000
0.19381200 0.43760570 -0.87803080 0.00000000
0.73174250 0.53165360 0.42649430 0.00000000
-0.21432960 1.57180300 0.11557250 1.00000000

0.77113400 0.04987979 -0.63471600 0.00000000
0.03125431 0.99275870 0.11598860 0.00000000
0.63590530 -0.10928040 0.76399100 0.00000000
-0.15302590 0.89828300 0.05742851 1.00000000

1.00000000 0.00000000 0.00000000 0.00000000
0.00000000 1.00000000 0.00000000 0.00000000
0.00000000 0.00000000 1.00000000 0.00000000
0.00000000 0.00000000 0.00000000 1.00000000

1.00000000 0.00000000 0.00000000 0.00000000
0.00000000 1.00000000 0.00000000 0.00000000
0.00000000 0.00000000 1.00000000 0.00000000
0.00000000 0.00000000 0.00000000 1.00000000

0.81433850 0.06421266 -0.57682720 0.00000000
-0.07298606 0.99730100 0.00798158 0.00000000
0.57578290 0.03560062 0.81682720 0.00000000
0.01040005 0.87335320 -0.01637569 1.00000000

0.97147720 0.19022090 0.14159180 0.00000000
0.22023400 -0.94512310 -0.24132840 0.00000000
0.08791584 0.26562840 -0.96005860 0.00000000
0.11749040 0.85067960 -0.09746143 1.00000000

0.97147720 0.19022090 0.14159180 0.00000000
0.15345420 -0.95951390 0.23618880 0.00000000
0.18078720 -0.20772410 -0.96133590 0.00000000
0.21447130 0.43449060 -0.20373140 1.00000000

0.99146220 0.06136608 -0.11505190 0.00000000
0.06175531 -0.99809140 -0.00018182 0.00000000
-0.11484370 -0.00692477 -0.99335960 0.00000000
0.26341730 0.12844230 -0.12839620 1.00000000

0.99139270 0.06117965 -0.11574870 0.00000000
0.05672874 -0.99753240 -0.04136778 0.00000000
-0.11799420 0.03444544 -0.99241690 0.00000000
0.25411580 0.02350211 -0.26452450 1.00000000

0.50572620 -0.31888470 -0.80159450 0.00000000
0.22745050 0.94558550 -0.23266770 0.00000000
0.83217040 -0.06465688 0.55073790 0.00000000
-0.09834868 0.83365960 0.05542554 1.00000000

0.50572510 -0.31888890 -0.80159340 0.00000000
-0.09684114 0.90231660 -0.42005560 0.00000000
0.85724210 0.29005990 0.42544250 0.00000000
-0.19813810 0.41880240 0.15750400 1.00000000

0.44429870 -0.10249560 -0.88999640 0.00000000
0.06217405 0.99456630 -0.08350007 0.00000000
0.89371870 -0.01823571 0.44825700 0.00000000
-0.16736350 0.13205820 0.29099220 1.00000000

0.43512070 -0.10220010 -0.89455310 0.00000000
-0.00248142 0.99339720 -0.11469970 0.00000000
0.90036880 0.05212797 0.43199400 0.00000000
-0.29629790 0.03093284 0.23827190 1.00000000

0.69037410 -0.06967543 -0.72008960 0.00000000
-0.01041877 0.99429070 -0.10619580 0.00000000
0.72337760 0.08081724 0.68570660 0.00000000
-0.00141505 1.02485900 -0.01593532 1.00000000

0.70490820 -0.03672239 -0.70834730 0.00000000
-0.05116406 0.99342490 -0.10241710 0.00000000
0.70745090 0.10843660 0.69839450 0.00000000
-0.00206494 1.19633200 -0.03258253 1.00000000

0.67885350 -0.32160970 -0.66009480 0.00000000
-0.13056230 0.83178110 -0.53953090 0.00000000
0.72257290 0.45244590 0.52266760 0.00000000
-0.00535464 1.39053500 -0.04613399 1.00000000

-0.03541702 0.93530480 -0.35206590 0.00000000
0.73617110 -0.21383220 -0.64212760 0.00000000
-0.67586830 -0.28192300 -0.68097120 0.00000000
0.03180129 1.45451300 -0.13485550 1.00000000

0.11714090 0.91653530 -0.38241490 0.00000000
0.61588220 -0.36912080 -0.69601660 0.00000000
-0.77908120 -0.15399060 -0.60771690 0.00000000
0.19662540 1.40663600 -0.27862030 1.00000000

0.11600640 0.91633700 -0.38323490 0.00000000
0.19082880 -0.39921390 -0.89677910 0.00000000
-0.97474470 0.03089982 -0.22117490 0.00000000
0.38075180 1.29628200 -0.48670410 1.00000000

0.90067420 0.36359690 -0.23787250 0.00000000
-0.00394329 -0.54060610 -0.84126690 0.00000000
-0.43447740 0.75864510 -0.48547620 0.00000000
0.42868300 1.19601000 -0.71195160 1.00000000

-0.88630630 -0.26419810 0.38034300 0.00000000
-0.43447750 0.75864510 -0.48547620 0.00000000
-0.16028360 -0.59553090 -0.78718000 0.00000000
0.35912120 1.14527900 -0.82166700 1.00000000

0.21546430 -0.24780960 -0.94454540 0.00000000
-0.87948520 -0.46958650 -0.07742333 0.00000000
-0.42435950 0.84739520 -0.31912400 0.00000000
0.39401140 1.17315000 -0.85859890 1.00000000

-0.88996100 -0.45508120 -0.02951282 0.00000000
-0.17238030 0.27578270 0.94563690 0.00000000
-0.42220240 0.84666710 -0.32388270 0.00000000
0.34566950 1.14733900 -0.86285460 1.00000000

0.21672760 -0.43787930 -0.87251990 0.00000000
-0.87690860 -0.48010080 0.02312362 0.00000000
-0.42902300 0.76010850 -0.48803120 0.00000000
0.41497360 1.13887200 -0.83876650 1.00000000

-0.90416690 -0.33703650 0.26246610 0.00000000
0.03365669 0.55630200 0.83029870 0.00000000
-0.42585130 0.75956210 -0.49164620 0.00000000
0.36483330 1.11198900 -0.83663590 1.00000000

0.04948589 -0.66597150 -0.74433430 0.00000000
-0.90464720 -0.34572110 0.24917980 0.00000000
-0.42327850 0.66102890 -0.61957730 0.00000000
0.42940320 1.10511600 -0.81645720 1.00000000

-0.90665390 -0.31743800 0.27787040 0.00000000
-0.01543126 0.68316820 0.73009800 0.00000000
-0.42159330 0.65765820 -0.62429570 0.00000000
0.38049360 1.08642500 -0.80298540 1.00000000

-0.03039798 -0.74615680 -0.66507630 0.00000000
-0.90916620 -0.25583620 0.32857980 0.00000000
-0.41532270 0.61465280 -0.67060360 0.00000000
0.44043580 1.07775500 -0.79650960 1.00000000

-0.90996300 -0.24429220 0.33509550 0.00000000
0.03953509 0.75327680 0.65651450 0.00000000
-0.41280110 0.61065160 -0.67579570 0.00000000
0.39525050 1.06564900 -0.77965990 1.00000000

-0.08202533 0.85992770 -0.50378160 0.00000000
-0.76126220 -0.38030520 -0.52521230 0.00000000
-0.64323540 0.34042940 0.68582520 0.00000000
0.36479780 1.21333100 -0.79688090 1.00000000

-0.66375150 0.36930920 -0.65041890 0.00000000
-0.42673490 -0.90116100 -0.07619928 0.00000000
-0.61427320 0.22697910 0.75574400 0.00000000
0.31932830 1.19217800 -0.82902710 1.00000000

0.59255650 0.77518940 -0.21899420 0.00000000
0.19082880 -0.39921390 -0.89677910 0.00000000
-0.78259920 0.48960160 -0.38448520 0.00000000
0.40262810 1.25051700 -0.58950910 1.00000000

-0.07220063 0.85332070 -0.51636310 0.00000000
0.61580470 -0.36911440 -0.69608870 0.00000000
-0.78458400 -0.36823680 -0.49882860 0.00000000
0.19662550 1.40663600 -0.27862040 1.00000000

-0.05102460 0.86290790 -0.50277860 0.00000000
0.61588220 -0.36912080 -0.69601660 0.00000000
-0.78618440 -0.34516630 -0.51261540 0.00000000
0.31364310 1.33650300 -0.41086350 1.00000000

0.33136430 0.48718740 -0.80798880 0.00000000
0.56049750 -0.79052850 -0.24679380 0.00000000
-0.75897320 -0.37109710 -0.53502050 0.00000000
0.19014510 1.45092700 -0.29708100 1.00000000

0.94946910 -0.12285250 -0.28881820 0.00000000
-0.10703230 0.73831300 -0.66591140 0.00000000
0.29504720 0.66317510 0.68785610 0.00000000
-0.02995155 1.54015700 -0.14432850 1.00000000

0.99869220 0.01104719 -0.04992029 0.00000000
-0.01265844 0.99940530 -0.03207666 0.00000000
0.04953632 0.03266674 0.99823810 0.00000000
-0.04292799 1.62967000 -0.22506270 1.00000000

0.99870610 0.00989354 -0.04988325 0.00000000
-0.01150554 0.99941750 -0.03213433 0.00000000
0.04953632 0.03266674 0.99823810 0.00000000
-0.04956574 1.68403300 -0.34582380 1.00000000

0.96154140 -0.27190270 -0.03881735 0.00000000
-0.26217440 -0.95074690 0.16536500 0.00000000
-0.08186877 -0.14882850 -0.98546860 0.00000000
0.00451993 1.67127000 -0.32483580 1.00000000

0.97422770 0.21879600 -0.05485404 0.00000000
-0.22367030 0.96850700 -0.10938890 0.00000000
0.02919278 0.11883910 0.99248430 0.00000000
-0.10230260 1.66793300 -0.31843710 1.00000000

0.99869220 0.01104720 -0.04992035 0.00000000
0.01265844 -0.99940530 0.03207666 0.00000000
-0.04953644 -0.03266674 -0.99823810 0.00000000
-0.01096630 1.69039400 -0.31639810 1.00000000

0.99869220 0.01104719 -0.04992029 0.00000000
-0.01265844 0.99940530 -0.03207666 0.00000000
0.04953632 0.03266674 0.99823810 0.00000000
-0.08516954 1.68957200 -0.31268900 1.00000000

0.98719880 0.12164400 -0.10315570 0.00000000
0.12497620 -0.99180730 0.02645570 0.00000000
-0.09909245 -0.03900909 -0.99431370 0.00000000
-0.03190541 1.70005500 -0.35359800 1.00000000

0.99489970 0.08511280 -0.05413666 0.00000000
-0.08672685 0.99583320 -0.02819500 0.00000000
0.05151132 0.03274630 0.99813540 0.00000000
-0.06598193 1.70069300 -0.35252720 1.00000000

0.99958800 0.00300226 0.02854893 0.00000000
0.00508563 -0.99730540 -0.07318675 0.00000000
0.02825236 0.07330165 -0.99690950 0.00000000
0.01814853 1.71453500 -0.33697880 1.00000000

0.99376480 0.01781481 -0.11006610 0.00000000
-0.01242327 0.99869810 0.04947763 0.00000000
0.11080430 -0.04780168 0.99269210 0.00000000
-0.11677780 1.71376200 -0.33089180 1.00000000

0.99087940 0.12379700 -0.05322227 0.00000000
0.12671630 -0.99038520 0.05550222 0.00000000
-0.04583964 -0.06174024 -0.99703910 0.00000000
-0.01097413 1.69063900 -0.31650080 1.00000000

0.99373720 -0.10184370 -0.04598007 0.00000000
0.09583046 0.98837020 -0.11807290 0.00000000
0.05747053 0.11292720 0.99193990 0.00000000
-0.08517113 1.68957100 -0.31272050 1.00000000

0.99878530 0.04402476 -0.02213919 0.00000000
-0.04435313 0.99890990 -0.01456752 0.00000000
0.02147385 0.01553195 0.99964880 0.00000000
-0.04482365 1.64509100 -0.25957400 1.00000000

0.96413550 0.26246270 0.03944969 0.00000000
0.26534470 -0.95650650 -0.12119450 0.00000000
0.00592479 0.12731540 -0.99184470 0.00000000
-0.02406902 1.61528900 -0.36340640 1.00000000

0.99922560 0.03264137 -0.02197179 0.00000000
-0.03007621 0.99365450 0.10837980 0.00000000
0.02537015 -0.10763490 0.99386670 0.00000000
-0.04715351 1.63214400 -0.36539260 1.00000000

0.97936220 -0.17017890 -0.10903570 0.00000000
0.18212710 0.97698680 0.11102670 0.00000000
0.08763212 -0.12859380 0.98781810 0.00000000
-0.07217012 1.61486600 -0.35932400 1.00000000

0.99580040 -0.08870065 -0.02266803 0.00000000
-0.08546752 -0.98943340 0.11711840 0.00000000
-0.03281721 -0.11468930 -0.99285920 0.00000000
0.00056030 1.61559100 -0.33756840 1.00000000

0.98274540 0.16901390 -0.07513958 0.00000000
-0.17648180 0.97842900 -0.10738110 0.00000000
0.05536982 0.11878910 0.99137460 0.00000000
-0.09675978 1.61275100 -0.33113040 1.00000000

0.99600510 0.08749725 0.01783678 0.00000000
0.08138776 -0.97168170 0.22183550 0.00000000
0.03674173 -0.21949760 -0.97492110 0.00000000
-0.02308683 1.64161400 -0.35479340 1.00000000

0.99743890 0.05001977 -0.05112144 0.00000000
-0.06006489 0.97386010 -0.21906240 0.00000000
0.03882766 0.22157210 0.97437080 0.00000000
-0.04845396 1.63782800 -0.35684590 1.00000000

0.99560120 0.00582868 -0.09351131 0.00000000
-0.02881005 0.96875200 -0.24635280 0.00000000
0.08915344 0.24796330 0.96465840 0.00000000
-0.07401554 1.63928300 -0.35105160 1.00000000

0.99870530 0.00996618 -0.04988560 0.00000000
0.01797217 -0.98650970 0.16271550 0.00000000
-0.04759106 -0.16340150 -0.98541150 0.00000000
-0.03057286 1.66544900 -0.34831660 1.00000000

0.99870530 0.00996618 -0.04988560 0.00000000
-0.01797216 0.98650940 -0.16271540 0.00000000
0.04759097 0.16340140 0.98541130 0.00000000
-0.05021086 1.65915300 -0.36425440 1.00000000

0.99870530 0.00996618 -0.04988560 0.00000000
-0.01797216 0.98650940 -0.16271540 0.00000000
0.04759097 0.16340140 0.98541130 0.00000000
-0.06850501 1.66389600 -0.34638440 1.00000000

0.99869220 0.01104719 -0.04992029 0.00000000
-0.01263793 0.99941870 -0.03166333 0.00000000
0.04954156 0.03225295 0.99825140 0.00000000
-0.04573809 1.73022100 -0.25902470 1.00000000

0.15417170 -0.94016210 0.30385290 0.00000000
0.57717690 -0.16390610 -0.80000110 0.00000000
0.80193400 0.29871440 0.51737020 0.00000000
-0.04366376 1.48863400 -0.06798352 1.00000000

-0.15095220 -0.43172820 -0.88928290 0.00000000
0.71516800 0.57335480 -0.39974860 0.00000000
0.68245740 -0.69632980 0.22220900 0.00000000
-0.17289530 1.52520300 0.11114210 1.00000000

-0.14993720 -0.43257540 -0.88904300 0.00000000
0.94461110 -0.32819240 0.00037748 0.00000000
-0.29194040 -0.83974310 0.45782380 0.00000000
-0.38496850 1.35518200 0.22967960 1.00000000

0.00236961 0.17817550 -0.98399600 0.00000000
0.95775540 -0.28337850 -0.04900602 0.00000000
-0.28757490 -0.94231090 -0.17131990 0.00000000
