MeshAnim
1
39
79
30
0.74514990 -0.01128481 -0.66680160 0.00000000
-0.09460116 0.98795740 -0.12243670 0.00000000
0.66015330 0.15431390 0.73510880 0.00000000
0.01237277 0.87907830 0.01275961 1.00000000

0.93827660 0.17795820 0.29659380 0.00000000
0.27058790 -0.91177990 -0.30893320 0.00000000
0.21545110 0.37011950 -0.90365510 0.00000000
0.11051170 0.84605120 -0.07575748 1.00000000

0.93827660 0.17795820 0.29659380 0.00000000
0.10433400 -0.96316550 0.24784410 0.00000000
0.32977480 -0.20160160 -0.92228280 0.00000000
0.22966630 0.44454500 -0.21179750 1.00000000

0.99321650 -0.01024087 -0.11582740 0.00000000
-0.01003535 -0.99994680 0.00235706 0.00000000
-0.11584540 -0.00117872 -0.99326660 0.00000000
0.26294480 0.13733200 -0.13274470 1.00000000

0.99305520 -0.01026989 -0.11720100 0.00000000
-0.00541200 -0.99911600 0.04169222 0.00000000
-0.11752550 -0.04076846 -0.99223280 0.00000000
0.24602620 0.03298587 -0.26859580 1.00000000

0.54205500 -0.27852650 -0.79284260 0.00000000
0.28123150 0.94919790 -0.14118050 0.00000000
0.79188720 -0.14644470 0.59284790 0.00000000
-0.08698896 0.84904170 0.10097710 1.00000000

0.54205320 -0.27853220 -0.79284180 0.00000000
-0.12542350 0.90608980 -0.40406720 0.00000000
0.83093150 0.31846680 0.45621440 0.00000000
-0.21083020 0.43105900 0.16314650 1.00000000

0.45439840 0.00000004 -0.89079870 0.00000000
-0.03108831 0.99939080 -0.01585816 0.00000000
0.89025600 0.03489938 0.45412150 0.00000000
-0.17082510 0.14205060 0.29202880 1.00000000

0.44544930 -0.00072161 -0.89530690 0.00000000
-0.12797680 0.98967950 -0.06447100 0.00000000
0.88611350 0.14329710 0.44075970 0.00000000
-0.28956800 0.03314215 0.23145730 1.00000000

0.71430720 -0.02373819 -0.69942960 0.00000000
0.02733584 0.99960830 -0.00600876 0.00000000
0.69929830 -0.01482739 0.71467630 0.00000000
-0.00168089 1.01359500 -0.00522800 1.00000000

0.72328290 -0.06754136 -0.68724090 0.00000000
0.01996863 0.99683480 -0.07695208 0.00000000
0.69026310 0.04193489 0.72234220 0.00000000
0.00145057 1.18588300 -0.00784021 1.00000000

0.69231720 -0.21414840 -0.68908450 0.00000000
-0.23627540 0.83503060 -0.49688830 0.00000000
0.68181440 0.50681810 0.52750800 0.00000000
0.01272546 1.37335900 -0.01439883 1.00000000

0.07558837 0.99312050 -0.08943351 0.00000000
0.76080880 -0.11541740 -0.63863070 0.00000000
-0.64455940 -0.01976878 -0.76429880 0.00000000
0.04018076 1.44508800 -0.10095770 1.00000000

0.93133560 0.32021180 0.17343250 0.00000000
0.30007630 -0.40498760 -0.86367800 0.00000000
-0.20632200 0.85641680 -0.47326700 0.00000000
0.21052060 1.41924500 -0.24393790 1.00000000

0.93102540 0.32144100 0.17282340 0.00000000
-0.18747830 0.82753340 -0.52918880 0.00000000
-0.31312010 0.46028760 0.83071740 0.00000000
0.30023300 1.29816800 -0.50214590 1.00000000

0.89974650 0.43628780 -0.01045665 0.00000000
-0.40152760 0.81819840 -0.41149370 0.00000000
-0.17097410 0.37443880 0.91135280 0.00000000
0.25314340 1.50602300 -0.63506440 1.00000000

-0.81635300 -0.57173840 0.08175296 0.00000000
-0.17097410 0.37443880 0.91135280 0.00000000
-0.55166680 0.73000760 -0.40342650 0.00000000
0.14778010 1.59706100 -0.64285760 1.00000000

-0.36743800 0.90039340 -0.23298300 0.00000000
-0.91771890 -0.39166060 -0.06628841 0.00000000
-0.15093610 0.18945620 0.97021900 0.00000000
0.18261430 1.64095600 -0.62812370 1.00000000

-0.64622810 -0.76139330 0.05166897 0.00000000
0.74790810 -0.61841110 0.24125020 0.00000000
-0.15173350 0.19454640 0.96908670 0.00000000
0.13217090 1.61942800 -0.63176730 1.00000000

-0.44182500 0.79754250 -0.41075190 0.00000000
-0.88098910 -0.47212540 0.03092536 0.00000000
-0.16926200 0.37553160 0.91122280 0.00000000
0.19108790 1.62639200 -0.66963520 1.00000000

-0.52532950 -0.81539700 0.24322150 0.00000000
0.83399400 -0.43671510 0.33724560 0.00000000
-0.16877040 0.38001030 0.90945530 0.00000000
0.14135320 1.59877000 -0.66744910 1.00000000

-0.63733060 0.56333190 -0.52580170 0.00000000
-0.72266440 -0.67381650 0.15403830 0.00000000
-0.26751920 0.47815150 0.83654360 0.00000000
0.19449680 1.60792900 -0.70827300 1.00000000

-0.49382780 -0.81353400 0.30707780 0.00000000
0.82738630 -0.33095910 0.45376020 0.00000000
-0.26751930 0.47815150 0.83654370 0.00000000
0.15542600 1.57149900 -0.69994500 1.00000000

-0.77358170 0.37568100 -0.51032880 0.00000000
-0.59032990 -0.72001930 0.36480550 0.00000000
-0.23039620 0.58346930 0.77876910 0.00000000
0.19696950 1.59107000 -0.73959330 1.00000000

-0.13124600 -0.80821990 0.57406910 0.00000000
0.96344530 0.03243779 0.26593550 0.00000000
-0.23355580 0.58798700 0.77441810 0.00000000
0.16823410 1.55498900 -0.72102860 1.00000000

0.15311030 0.58247580 0.79829800 0.00000000
-0.89342560 0.42681560 -0.14006930 0.00000000
-0.42231290 -0.69177370 0.58574850 0.00000000
0.18614390 1.57423600 -0.58554350 1.00000000

-0.89693920 0.43267510 0.09106505 0.00000000
-0.28504350 -0.40838600 -0.86716290 0.00000000
-0.33801000 -0.80374960 0.48962840 0.00000000
0.13321300 1.60066000 -0.59249880 1.00000000

0.94903960 0.29154460 0.11969010 0.00000000
-0.18747830 0.82753340 -0.52918880 0.00000000
-0.25332970 0.47978200 0.84002010 0.00000000
0.27874090 1.39303500 -0.56281110 1.00000000

-0.07010090 0.89359290 -0.44337070 0.00000000
0.30007630 -0.40498760 -0.86367800 0.00000000
-0.95133620 -0.19358950 -0.23975600 0.00000000
0.21052060 1.41924500 -0.24393790 1.00000000

0.44071500 0.86183980 -0.25100350 0.00000000
0.30007630 -0.40498760 -0.86367800 0.00000000
-0.84600540 0.30531570 -0.43710170 0.00000000
0.26753510 1.34229700 -0.40803660 1.00000000

0.43436120 0.64363920 -0.63012620 0.00000000
0.50447740 -0.75338700 -0.42179490 0.00000000
-0.74621260 -0.13467310 -0.65194340 0.00000000
0.22919430 1.46925200 -0.27312660 1.00000000

0.96642990 0.05501097 -0.25097200 0.00000000
-0.21463930 0.70975890 -0.67094870 0.00000000
0.14122010 0.70229350 0.69773970 0.00000000
-0.03091084 1.52349200 -0.10489720 1.00000000

0.99661490 0.04052965 -0.07152626 0.00000000
-0.05424114 0.97796110 -0.20161910 0.00000000
0.06177834 0.20481620 0.97684880 0.00000000
-0.05693342 1.60954300 -0.18624210 1.00000000

0.99661490 0.04052965 -0.07152626 0.00000000
-0.05424114 0.97796110 -0.20161910 0.00000000
0.06177834 0.20481620 0.97684880 0.00000000
-0.06726661 1.63879300 -0.31364540 1.00000000

0.96142790 -0.27503970 -0.00313547 0.00000000
-0.25697120 -0.90221680 0.34636860 0.00000000
-0.09809390 -0.33220260 -0.93809370 0.00000000
-0.01339928 1.63600200 -0.29322460 1.00000000

0.95074220 0.28579250 -0.12004950 0.00000000
-0.30865090 0.90864460 -0.28124690 0.00000000
0.02870414 0.30444680 0.95209690 0.00000000
-0.11838920 1.63002200 -0.28439400 1.00000000

0.99661490 0.04052963 -0.07152632 0.00000000
0.05424114 -0.97796110 0.20161910 0.00000000
-0.06177840 -0.20481620 -0.97684880 0.00000000
-0.02874994 1.65492500 -0.28722370 1.00000000

0.99661490 0.04052965 -0.07152626 0.00000000
-0.05424114 0.97796110 -0.20161910 0.00000000
0.06177834 0.20481620 0.97684880 0.00000000
-0.10279880 1.65191300 -0.28190900 1.00000000

0.96803010 0.18191320 -0.17270030 0.00000000
0.21362250 -0.95875170 0.18751190 0.00000000
-0.13146600 -0.21840970 -0.96696120 0.00000000
-0.05084745 1.65312100 -0.32438430 1.00000000

0.98332580 0.15522840 -0.09473479 0.00000000
-0.17103800 0.96641310 -0.19181140 0.00000000
0.06177834 0.20481620 0.97684880 0.00000000
-0.08275761 1.65338600 -0.32350200 1.00000000

0.99507450 0.04958724 0.08583638 0.00000000
0.05034832 -0.99870920 -0.00672169 0.00000000
0.08539239 0.01101037 -0.99628690 0.00000000
-0.00086109 1.67472200 -0.31208830 1.00000000

0.98502640 0.03443260 -0.16893020 0.00000000
-0.04711225 0.99631790 -0.07163280 0.00000000
0.16584170 0.07851878 0.98302160 0.00000000
-0.13561820 1.67026700 -0.30371110 1.00000000

0.98412130 0.15067020 -0.09382924 0.00000000
0.16653170 -0.96669360 0.19434680 0.00000000
-0.06142193 -0.20688620 -0.97643510 0.00000000
-0.02876930 1.65514900 -0.28736650 1.00000000

0.99636750 -0.07012899 -0.04830876 0.00000000
0.05607834 0.96725550 -0.24753200 0.00000000
0.06408602 0.24392380 0.96767470 0.00000000
-0.10280080 1.65190600 -0.28193990 1.00000000

0.99508260 0.05910854 -0.07947773 0.00000000
-0.07279593 0.98056980 -0.18216390 0.00000000
0.06716600 0.18705370 0.98005090 0.00000000
-0.06013832 1.61807100 -0.22606540 1.00000000

0.96680780 0.23631320 -0.09715199 0.00000000
0.24692240 -0.96187640 0.11757360 0.00000000
-0.06566411 -0.13766010 -0.98830060 0.00000000
-0.04386056 1.58280300 -0.32652060 1.00000000

0.99446830 0.06695242 -0.08093274 0.00000000
-0.07990352 0.98234310 -0.16916840 0.00000000
0.06817746 0.17469930 0.98225870 0.00000000
-0.06606837 1.58289900 -0.32769790 1.00000000

0.99147990 -0.11609200 -0.05907997 0.00000000
0.10646790 0.98354950 -0.14592840 0.00000000
0.07504907 0.13839480 0.98752960 0.00000000
-0.08979358 1.58074700 -0.32075490 1.00000000

0.99684690 0.05050666 -0.06119934 0.00000000
0.06329895 -0.97125040 0.22949160 0.00000000
-0.04784906 -0.23264170 -0.97138490 0.00000000
-0.01598421 1.58911200 -0.29663890 1.00000000

0.99294930 0.07084396 -0.09504229 0.00000000
-0.09093908 0.96954950 -0.22738480 0.00000000
0.07603917 0.23442460 0.96915600 0.00000000
-0.11429600 1.58487800 -0.28655160 1.00000000

0.99103780 0.10600930 -0.08127862 0.00000000
0.12404890 -0.95608400 0.26554760 0.00000000
-0.04955867 -0.27325010 -0.96066560 0.00000000
-0.04242601 1.59805900 -0.31698120 1.00000000

0.99615130 0.04832611 -0.07312378 0.00000000
-0.06632519 0.96101680 -0.26841710 0.00000000
0.05730167 0.27223380 0.96052340 0.00000000
-0.06569918 1.59450700 -0.31868480 1.00000000

0.99742850 0.00245856 -0.07162723 0.00000000
-0.02295157 0.95773580 -0.28673280 0.00000000
0.06789514 0.28763930 0.95532930 0.00000000
-0.09038588 1.59676100 -0.31203170 1.00000000

0.99659260 0.04093030 -0.07160890 0.00000000
0.06227650 -0.94265470 0.32790820 0.00000000
-0.05408102 -0.33125040 -0.94199190 0.00000000
-0.04750305 1.62214100 -0.31358940 1.00000000

0.99659260 0.04093030 -0.07160890 0.00000000
-0.06227649 0.94265470 -0.32790810 0.00000000
0.05408102 0.33125030 0.94199180 0.00000000
-0.06724888 1.61335900 -0.32781260 1.00000000

0.99659260 0.04093030 -0.07160890 0.00000000
-0.06227649 0.94265470 -0.32790810 0.00000000
0.05408102 0.33125030 0.94199180 0.00000000
-0.08545875 1.62030700 -0.31080470 1.00000000

0.99661490 0.04052965 -0.07152626 0.00000000
-0.05421554 0.97804560 -0.20121460 0.00000000
0.06180093 0.20441130 0.97693240 0.00000000
-0.06434551 1.70262000 -0.23677460 1.00000000

-0.05614973 -0.98468010 -0.16508230 0.00000000
0.84064970 0.04257849 -0.53990300 0.00000000
0.53866060 -0.16909180 0.82538020 0.00000000
-0.03559540 1.46884400 -0.03573363 1.00000000

0.67593190 -0.55768380 -0.48177280 0.00000000
0.73307180 0.44169680 0.51721360 0.00000000
-0.07564420 -0.70277510 0.70737910 0.00000000
-0.22381350 1.45932000 0.08514978 1.00000000

0.67580770 -0.55870520 -0.48076270 0.00000000
-0.19336210 -0.76379530 0.61581480 0.00000000
-0.71126320 -0.32321110 -0.62421110 0.00000000
-0.44297730 1.32726600 -0.06948215 1.00000000

0.76004090 -0.52651710 -0.38094310 0.00000000
-0.26519650 -0.78643100 0.55785040 0.00000000
-0.59330310 -0.32296430 -0.73735020 0.00000000
-0.39441090 1.51911100 -0.22415890 1.00000000

-0.70244350 0.65508040 0.27828600 0.00000000
-0.59330310 -0.32296440 -0.73735030 0.00000000
-0.39314740 -0.68305460 0.61552550 0.00000000
-0.29408650 1.59905800 -0.27887200 1.00000000

-0.30511720 -0.85967120 0.40971800 0.00000000
-0.76646440 0.47702020 0.43009820 0.00000000
-0.56518660 -0.18280390 -0.80445430 0.00000000
-0.31395390 1.64576000 -0.25091730 1.00000000

-0.67697240 0.68991110 0.25638080 0.00000000
0.49367230 0.68399480 -0.53706520 0.00000000
-0.54589050 -0.23701020 -0.80363560 0.00000000
-0.27182390 1.61954000 -0.27455850 1.00000000

-0.18462960 -0.85829650 0.47878910 0.00000000
-0.81224760 0.40753110 0.41733950 0.00000000
-0.55332260 -0.31184210 -0.77239170 0.00000000
-0.34132220 1.63359700 -0.28423640 1.00000000

-0.59510680 0.80313740 0.02860144 0.00000000
0.60657740 0.47223680 -0.63957500 0.00000000
-0.52717330 -0.36326650 -0.76819650 0.00000000
-0.29524140 1.60959100 -0.30750740 1.00000000

-0.27209110 -0.61920580 0.73658040 0.00000000
-0.68663280 0.66121490 0.30220930 0.00000000
-0.67416760 -0.42353170 -0.60507770 0.00000000
-0.36333020 1.61693700 -0.31715310 1.00000000

-0.55758180 0.82901140 -0.04292810 0.00000000
0.51032540 0.30153300 -0.80538550 0.00000000
-0.65472940 -0.47097560 -0.59119490 0.00000000
-0.32620710 1.58118900 -0.33349190 1.00000000

-0.34131920 -0.34394140 0.87476000 0.00000000
-0.59346990 0.80054430 0.08319741 0.00000000
-0.72889960 -0.49074690 -0.47736030 0.00000000
-0.38111440 1.60152100 -0.34393590 1.00000000

-0.35439650 0.82935480 -0.43194120 0.00000000
0.59714190 -0.15474890 -0.78706680 0.00000000
-0.71960040 -0.53686390 -0.44040050 0.00000000
-0.35186490 1.56146000 -0.34735940 1.00000000

-0.21984290 -0.55324790 -0.80348380 0.00000000
-0.86345690 -0.27294910 0.42419440 0.00000000
-0.45399480 0.78702970 -0.41769950 0.00000000
-0.30556140 1.57831600 -0.21020070 1.00000000

-0.83140530 -0.29227520 0.47258940 0.00000000
0.25806490 0.55010820 0.79421890 0.00000000
-0.49210560 0.78227660 -0.38193660 0.00000000
-0.25376780 1.59552700 -0.23406410 1.00000000

0.72450640 -0.53439940 -0.43532510 0.00000000
-0.19336210 -0.76379530 0.61581480 0.00000000
-0.66159020 -0.36198640 -0.65670700 0.00000000
-0.42080940 1.41482700 -0.14008190 1.00000000

0.29672590 -0.89194680 0.34115230 0.00000000
0.73307180 0.44169680 0.51721360 0.00000000
-0.61201270 0.09661842 0.78492370 0.00000000
-0.22381350 1.45932000 0.08514978 1.00000000

0.49695730 -0.86702500 0.03607170 0.00000000
0.73307180 0.44169680 0.51721360 0.00000000
-0.46436980 -0.23058990 0.85509590 0.00000000
-0.36309580 1.37539700 -0.01312184 1.00000000

0.61450750 -0.72114030 -0.31990200 0.00000000
0.66646760 0.69151530 -0.27861730 0.00000000
0.42213920 -0.04199192 0.90555790 0.00000000
-0.27804380 1.52065400 0.11508680 1.00000000

0.44741120 -0.39398640 -0.80286850 0.00000000
0.58724550 0.80650350 -0.06851833 0.00000000
0.67451160 -0.44082500 0.59220550 0.00000000
-0.15097280 0.91820800 0.07701799 1.00000000

1.00000000 0.00000000 0.00000000 0.00000000
0.00000000 1.00000000 0.00000000 0.00000000
0.00000000 0.00000000 1.00000000 0.00000000
0.00000000 0.00000000 0.00000000 1.00000000

1.00000000 0.00000000 0.00000000 0.00000000
0.00000000 1.00000000 0.00000000 0.00000000
0.00000000 0.00000000 1.00000000 0.00000000
0.00000000 0.00000000 0.00000000 1.00000000

0.74444470 -0.01282382 -0.66756100 0.00000000
-0.09495090 0.98762070 -0.12485860 0.00000000
0.66089830 0.15633590 0.73401130 0.00000000
0.01237277 0.85523030 0.01275961 1.00000000

0.94417740 0.18838220 0.27026150 0.00000000
0.28440500 -0.88013400 -0.38010260 0.00000000
0.16626170 0.43574800 -0.88457940 0.00000000
0.11042520 0.82199880 -0.07577696 1.00000000

0.94417740 0.18838220 0.27026150 0.00000000
0.08554635 -0.93243080 0.35107650 0.00000000
0.31813670 -0.30835860 -0.89649530 0.00000000
0.23566410 0.43442800 -0.24315670 1.00000000

0.99309540 -0.01031822 -0.11685490 0.00000000
-0.00981020 -0.99993990 0.00492124 0.00000000
-0.11689880 -0.00374087 -0.99313680 0.00000000
0.26295010 0.13701830 -0.13117680 1.00000000

0.99293250 -0.01035076 -0.11822810 0.00000000
-0.00514530 -0.99900730 0.04424922 0.00000000
-0.11856890 -0.04332815 -0.99200000 0.00000000
0.24591060 0.03232175 -0.26674290 1.00000000

0.57265410 -0.28699510 -0.76792000 0.00000000
0.34577740 0.93387730 -0.09116487 0.00000000
0.74330700 -0.21332350 0.63402510 0.00000000
-0.08688865 0.82539730 0.10115890 1.00000000

0.57265100 -0.28700340 -0.76791920 0.00000000
-0.21564730 0.85099150 -0.47886300 0.00000000
0.79092810 0.43982100 0.42542960 0.00000000
-0.23915290 0.41416110 0.14130370 1.00000000

0.45345310 -0.00217493 -0.89127740 0.00000000
-0.03132771 0.99934020 -0.01837719 0.00000000
0.89072940 0.03625481 0.45308590 0.00000000
-0.17036980 0.14272690 0.29404320 1.00000000

0.44449950 -0.00291012 -0.89577440 0.00000000
-0.12826560 0.98948350 -0.06686221 0.00000000
0.88654850 0.14461720 0.43945170 0.00000000
-0.28915270 0.03363800 0.23387600 1.00000000

0.71327250 -0.06777962 -0.69760190 0.00000000
0.02136731 0.99695330 -0.07501759 0.00000000
0.70056110 0.03860210 0.71254750 0.00000000
-0.00172991 0.98969780 -0.00555652 1.00000000

0.72254150 -0.15166500 -0.67448600 0.00000000
0.00803707 0.97741590 -0.21117210 0.00000000
0.69128080 0.14715970 0.70744240 0.00000000
0.00037026 1.16141000 -0.02005576 1.00000000

0.69330500 -0.29750750 -0.65636680 0.00000000
-0.24792280 0.75674060 -0.60487840 0.00000000
0.67665540 0.58209350 0.45089310 0.00000000
0.00941775 1.34639000 -0.05195815 1.00000000

0.06290305 0.97256070 -0.22398490 0.00000000
0.76067200 -0.19200800 -0.62008970 0.00000000
-0.64608190 -0.13137350 -0.75187740 0.00000000
0.03576397 1.40600300 -0.14757970 1.00000000

0.92765400 0.35208580 0.12447580 0.00000000
0.30307500 -0.51506220 -0.80178360 0.00000000
-0.21818390 0.78150290 -0.58450750 0.00000000
0.20607330 1.36301200 -0.28640840 1.00000000

0.92732680 0.35321690 0.12370650 0.00000000
-0.19911250 0.74551030 -0.63605740 0.00000000
-0.31689050 0.56520160 0.76166120 0.00000000
0.29668220 1.20902800 -0.52611230 1.00000000

0.89417180 0.44167310 -0.07336208 0.00000000
-0.41274660 0.74968300 -0.51731590 0.00000000
-0.17348630 0.49284930 0.85264430 0.00000000
0.24667030 1.39628100 -0.68587330 1.00000000

-0.80891480 -0.56514400 0.16207840 0.00000000
-0.17348630 0.49284930 0.85264430 0.00000000
-0.56174730 0.66159800 -0.49671760 0.00000000
0.14015440 1.48412900 -0.70554740 1.00000000

-0.37926560 0.85580720 -0.35178390 0.00000000
-0.91288590 -0.40812300 -0.00866583 0.00000000
-0.15098750 0.31785210 0.93604120 0.00000000
0.17446990 1.53003900 -0.69706260 1.00000000

-0.63649500 -0.75505420 0.15737710 0.00000000
0.75618490 -0.57073490 0.32007260 0.00000000
-0.15185140 0.32273080 0.93423030 0.00000000
0.12429200 1.50760600 -0.69753880 1.00000000

-0.45277960 0.72883350 -0.51360750 0.00000000
-0.87491730 -0.47416270 0.09843832 0.00000000
-0.17178840 0.49393490 0.85236000 0.00000000
0.18302660 1.51006700 -0.73624150 1.00000000

-0.51447150 -0.78102650 0.35400080 0.00000000
0.84021210 -0.37663900 0.39011200 0.00000000
-0.17135730 0.49813720 0.84999780 0.00000000
0.13364790 1.48239800 -0.73011640 1.00000000

-0.64560380 0.47879760 -0.59493610 0.00000000
-0.71378000 -0.65529640 0.24719390 0.00000000
-0.27150370 0.58424310 0.76481780 0.00000000
0.18657480 1.48656100 -0.77202270 1.00000000

-0.48284350 -0.77011190 0.41688170 0.00000000
0.83255540 -0.25610220 0.49118570 0.00000000
-0.27150380 0.58424310 0.76481780 0.00000000
0.14798430 1.45113200 -0.75865820 1.00000000

-0.77945150 0.29336040 -0.55353000 0.00000000
-0.58037380 -0.67078850 0.46174620 0.00000000
-0.23584350 0.68116310 0.69310530 0.00000000
0.18918410 1.46562800 -0.80076860 1.00000000

-0.11972110 -0.72413180 0.67919090 0.00000000
0.96359370 0.07998286 0.25512810 0.00000000
-0.23907000 0.68500820 0.68819310 0.00000000
0.16094830 1.43206300 -0.77735230 1.00000000

0.14769070 0.68748040 0.71102640 0.00000000
-0.89904440 0.39293840 -0.19318130 0.00000000
-0.41219780 -0.61071310 0.67610840 0.00000000
0.17893820 1.46978000 -0.64581810 1.00000000

-0.90207980 0.43014670 0.03502071 0.00000000
-0.28196260 -0.52598920 -0.80239190 0.00000000
-0.32672560 -0.73369570 0.59576910 0.00000000
0.12566340 1.49437000 -0.65608710 1.00000000

0.94621210 0.31516110 0.07319024 0.00000000
-0.19911250 0.74551030 -0.63605740 0.00000000
-0.25502470 0.58727200 0.76816300 0.00000000
0.27385640 1.29449200 -0.59902860 1.00000000

-0.08310074 0.82386600 -0.56065980 0.00000000
0.30307500 -0.51506220 -0.80178360 0.00000000
-0.94933680 -0.23655070 -0.20689110 0.00000000
0.20607330 1.36301200 -0.28640840 1.00000000

0.42815060 0.82525380 -0.36829790 0.00000000
0.30307500 -0.51506220 -0.80178360 0.00000000
-0.85137120 0.23166230 -0.47063780 0.00000000
0.26365750 1.26515100 -0.43874730 1.00000000

0.42474370 0.55713800 -0.71357560 0.00000000
0.51288680 -0.79760210 -0.31745620 0.00000000
-0.74601640 -0.23114590 -0.62452500 0.00000000
0.22404810 1.40880600 -0.32220320 1.00000000

0.95716980 -0.00752539 -0.28942960 0.00000000
-0.22513130 0.60922410 -0.76036970 0.00000000
0.18204970 0.79296240 0.58143660 0.00000000
-0.03631536 1.48227600 -0.16185700 1.00000000

0.98708780 0.07079101 -0.14368840 0.00000000
-0.12582180 0.89781010 -0.42202610 0.00000000
0.09912941 0.43465600 0.89512440 0.00000000
-0.06360998 1.55613800 -0.25404320 1.00000000

0.98708780 0.07079101 -0.14368840 0.00000000
-0.12582180 0.89781010 -0.42202610 0.00000000
0.09912941 0.43465600 0.89512440 0.00000000
-0.08231451 1.55359100 -0.38379070 1.00000000

0.97516330 -0.22148700 -0.00044003 0.00000000
-0.18248370 -0.80456190 0.56513700 0.00000000
-0.12552450 -0.55102040 -0.82499670 0.00000000
-0.02742072 1.55842100 -0.36686390 1.00000000

0.92444680 0.29265750 -0.24443770 0.00000000
-0.37667600 0.80054100 -0.46610000 0.00000000
0.05927470 0.52295850 0.85029450 0.00000000
-0.13124470 1.54954500 -0.34998430 1.00000000

0.98708780 0.07079101 -0.14368850 0.00000000
0.12582180 -0.89781010 0.42202610 0.00000000
-0.09912950 -0.43465600 -0.89512440 0.00000000
-0.04357748 1.57744200 -0.36447850 1.00000000

0.98708780 0.07079101 -0.14368840 0.00000000
-0.12582180 0.89781010 -0.42202610 0.00000000
0.09912941 0.43465600 0.89512440 0.00000000
-0.11691840 1.57218100 -0.35380200 1.00000000

0.94526080 0.18096630 -0.27153920 0.00000000
0.28072210 -0.87521660 0.39394260 0.00000000
-0.16636530 -0.44860550 -0.87810910 0.00000000
-0.06740879 1.56591200 -0.39872420 1.00000000

0.96580610 0.17454350 -0.19171180 0.00000000
-0.23956680 0.88352090 -0.40249090 0.00000000
0.09912941 0.43465600 0.89512440 0.00000000
-0.09926564 1.56482100 -0.39582570 1.00000000

0.99318140 0.11647930 0.00480956 0.00000000
0.11232700 -0.96718540 0.22789290 0.00000000
0.03119653 -0.22579880 -0.97367420 0.00000000
-0.01830963 1.59210500 -0.39506920 1.00000000

0.97117270 0.04143539 -0.23474810 0.00000000
-0.11346420 0.94641710 -0.30235850 0.00000000
0.20964110 0.32027780 0.92383580 0.00000000
-0.15190630 1.58321400 -0.37712030 1.00000000

0.96657450 0.17169010 -0.19041140 0.00000000
0.23647130 -0.88397520 0.40332350 0.00000000
-0.09907234 -0.43486910 -0.89502750 0.00000000
-0.04361818 1.57762400 -0.36466840 1.00000000

0.99498190 -0.03101307 -0.09512848 0.00000000
-0.01822892 0.87865280 -0.47711370 0.00000000
0.09838167 0.47645360 0.87367790 0.00000000
-0.11692160 1.57216700 -0.35383020 1.00000000

0.98415800 0.08752526 -0.15418330 0.00000000
-0.14349800 0.90397140 -0.40279540 0.00000000
0.10412260 0.41853930 0.90221020 0.00000000
-0.06939323 1.55475900 -0.29445120 1.00000000

0.94406440 0.25277090 -0.21177680 0.00000000
0.31193090 -0.89283850 0.32486720 0.00000000
-0.10696550 -0.37275530 -0.92174390 0.00000000
-0.05605254 1.49735600 -0.38463380 1.00000000

0.98302420 0.09448102 -0.15727930 0.00000000
-0.14974640 0.90846880 -0.39020540 0.00000000
0.10601630 0.40713340 0.90719520 0.00000000
-0.07818081 1.49610000 -0.38436600 1.00000000

0.99253420 -0.07776829 -0.09395826 0.00000000
0.03648312 0.92438470 -0.37971280 0.00000000
0.11638320 0.37345010 0.92032050 0.00000000
-0.10140540 1.49451600 -0.37557170 1.00000000

0.98722730 0.08293270 -0.13603100 0.00000000
0.13584870 -0.88425550 0.44680880 0.00000000
-0.08323109 -0.45958140 -0.88422730 0.00000000
-0.02718443 1.51195100 -0.35892790 1.00000000

0.98031710 0.09441559 -0.17338970 0.00000000
-0.16320050 0.88176020 -0.44256580 0.00000000
0.11110310 0.46215220 0.87981330 0.00000000
-0.12437860 1.50544600 -0.34176590 1.00000000

0.97695400 0.13207830 -0.16767960 0.00000000
0.19739830 -0.85793390 0.47432480 0.00000000
-0.08120999 -0.49649310 -0.86423390 0.00000000
-0.05512678 1.51448900 -0.37906300 1.00000000

0.98605420 0.07794926 -0.14704140 0.00000000
-0.14024960 0.86485490 -0.48203340 0.00000000
0.08959538 0.49593350 0.86372610 0.00000000
-0.07821583 1.50951800 -0.37838100 1.00000000

0.99035690 0.03403597 -0.13429390 0.00000000
-0.09759095 0.85941700 -0.50187500 0.00000000
0.09833264 0.51014130 0.85445100 0.00000000
-0.10259270 1.51207500 -0.37083580 1.00000000

0.98703680 0.07115403 -0.14385890 0.00000000
0.13798650 -0.83399210 0.53424450 0.00000000
-0.08196354 -0.54716970 -0.83299920 0.00000000
-0.06155656 1.53837600 -0.38108630 1.00000000

0.98703680 0.07115403 -0.14385890 0.00000000
-0.13798650 0.83399200 -0.53424440 0.00000000
0.08196354 0.54716960 0.83299910 0.00000000
-0.08142907 1.52553200 -0.39153310 1.00000000

0.98703680 0.07115403 -0.14385890 0.00000000
-0.13798650 0.83399200 -0.53424440 0.00000000
0.08196354 0.54716960 0.83299910 0.00000000
-0.09913880 1.53544300 -0.37550040 1.00000000

0.98708780 0.07079101 -0.14368840 0.00000000
-0.12578070 0.89798990 -0.42165540 0.00000000
0.09918147 0.43428420 0.89529910 0.00000000
-0.07944463 1.63400100 -0.32445900 1.00000000

-0.04417905 -0.99859120 -0.02939075 0.00000000
0.83875880 -0.02109391 -0.54409460 0.00000000
0.54270810 -0.04868934 0.83850890 0.00000000
-0.04014861 1.43749300 -0.08588495 1.00000000

0.68172760 -0.60981670 -0.40419210 0.00000000
0.72870140 0.51680290 0.44934310 0.00000000
-0.06512937 -0.60086490 0.79669280 0.00000000
-0.22794340 1.44222500 0.03593573 1.00000000

0.68586860 -0.60835800 -0.39935590 0.00000000
-0.18250060 -0.67502600 0.71486600 0.00000000
-0.70447000 -0.41742160 -0.57400470 0.00000000
-0.44580070 1.28771600 -0.09840496 1.00000000

0.76933360 -0.56139770 -0.30489110 0.00000000
-0.25382240 -0.70657530 0.66054950 0.00000000
-0.58625960 -0.43079480 -0.68608730 0.00000000
-0.39996230 1.45726500 -0.27796070 1.00000000

-0.71357000 0.67556430 0.18555590 0.00000000
-0.58625940 -0.43079480 -0.68608730 0.00000000
-0.38355960 -0.59835530 0.70345810 0.00000000
-0.30080860 1.53056300 -0.34312170 1.00000000

-0.29220400 -0.80010700 0.52387600 0.00000000
-0.77507620 0.51902280 0.36037840 0.00000000
-0.56024470 -0.30073970 -0.77180390 0.00000000
-0.32149270 1.58033200 -0.32185040 1.00000000

-0.68861140 0.70746680 0.15907790 0.00000000
0.48386880 0.61169950 -0.62585530 0.00000000
-0.54007940 -0.35399820 -0.76354400 0.00000000
-0.27888940 1.55180300 -0.34165920 1.00000000

-0.17191940 -0.78729650 0.59212180 0.00000000
-0.81970310 0.44770370 0.35727890 0.00000000
-0.54637960 -0.42394100 -0.72231810 0.00000000
-0.34858180 1.56326400 -0.35318700 1.00000000

-0.60803680 0.78965410 -0.08208331 0.00000000
0.60041560 0.38973670 -0.69828810 0.00000000
-0.51941530 -0.47386900 -0.71109490 0.00000000
-0.30206470 1.53704300 -0.37293280 1.00000000

-0.26383740 -0.51652190 0.81461330 0.00000000
-0.69791750 0.68518310 0.20841220 0.00000000
-0.66580880 -0.51354590 -0.54126660 0.00000000
-0.37023980 1.54188400 -0.38350640 1.00000000

-0.57076270 0.80606640 -0.15648320 0.00000000
0.50732310 0.19633250 -0.83909300 0.00000000
-0.64564190 -0.55831050 -0.52099530 0.00000000
-0.33250660 1.50484000 -0.39477430 1.00000000

-0.33782160 -0.22605260 0.91366110 0.00000000
-0.60648870 0.79461100 -0.02764815 0.00000000
-0.71975560 -0.56346540 -0.40553530 0.00000000
-0.38770930 1.52264900 -0.40792050 1.00000000

-0.36668070 0.75628750 -0.54182470 0.00000000
0.60143600 -0.25163420 -0.75825760 0.00000000
-0.70980270 -0.60391160 -0.36258930 0.00000000
-0.35781010 1.48297900 -0.40580420 1.00000000

-0.20898020 -0.66186520 -0.71990400 0.00000000
-0.85995780 -0.22612950 0.45753500 0.00000000
-0.46561800 0.71470290 -0.52191930 0.00000000
-0.31211190 1.51926500 -0.27225390 1.00000000

-0.82771460 -0.23810090 0.50813080 0.00000000
0.24727000 0.65810590 0.71116420 0.00000000
-0.50373260 0.71428650 -0.48584830 0.00000000
-0.26054550 1.53387700 -0.29824750 1.00000000

0.73532080 -0.57636480 -0.35652080 0.00000000
-0.18250060 -0.67502600 0.71486600 0.00000000
-0.65268440 -0.46059080 -0.60154740 0.00000000
-0.42487790 1.36510100 -0.18036000 1.00000000

0.30871120 -0.83357940 0.45808600 0.00000000
0.72870140 0.51680290 0.44934310 0.00000000
-0.61130330 0.19509060 0.76697330 0.00000000
-0.22794340 1.44222500 0.03593573 1.00000000

0.50788580 -0.84797280 0.15163830 0.00000000
0.72870140 0.51680290 0.44934310 0.00000000
-0.45939790 -0.11771590 0.88039570 0.00000000
-0.36639540 1.34403100 -0.04944040 1.00000000

0.62274620 -0.75046240 -0.22134500 0.00000000
0.65706860 0.65519980 -0.37279260 0.00000000
0.42479200 0.08671639 0.90112820 0.00000000
-0.28286780 1.50640000 0.05747297 1.00000000

0.44664700 -0.39593710 -0.80233420 0.00000000
0.58699300 0.80645510 -0.07120080 0.00000000
0.67523750 -0.43916290 0.59261310 0.00000000
-0.15091320 0.89448800 0.07709117 1.00000000

1.00000000 0.00000000 0.00000000 0.00000000
0.00000000 1.00000000 0.00000000 0.00000000
0.00000000 0.00000000 1.00000000 0.00000000
0.00000000 0.00000000 0.00000000 1.00000000

1.00000000 0.00000000 0.00000000 0.00000000
0.00000000 1.00000000 0.00000000 0.00000000
0.00000000 0.00000000 1.00000000 0.00000000
0.00000000 0.00000000 0.00000000 1.00000000

0.74326840 -0.01539339 -0.66881620 0.00000000
-0.09553932 0.98704560 -0.12889240 0.00000000
0.66213620 0.15969990 0.73216920 0.00000000
0.01237277 0.79752960 0.01275961 1.00000000

0.95539340 0.21530520 0.20215640 0.00000000
0.29002200 -0.81323210 -0.50452060 0.00000000
0.05577409 0.54064550 -0.83939970 0.00000000
0.11028090 0.76395730 -0.07580803 1.00000000

0.95539340 0.21530520 0.20215640 0.00000000
0.07817550 -0.84444310 0.52990980 0.00000000
0.28480190 -0.49046860 -0.82360700 0.00000000
0.23799330 0.40584720 -0.29797580 1.00000000

0.99289120 -0.01045297 -0.11856640 0.00000000
-0.00942902 -0.99991330 0.00919400 0.00000000
-0.11865230 -0.00801071 -0.99290350 0.00000000
0.26292830 0.13650210 -0.12895480 1.00000000

0.99272580 -0.01049148 -0.11993920 0.00000000
-0.00469497 -0.99881170 0.04850932 0.00000000
-0.12030570 -0.04759335 -0.99159540 0.00000000
0.24568820 0.03122324 -0.26404380 1.00000000

0.63566950 -0.30641700 -0.70854280 0.00000000
0.43426430 0.90078550 0.00004604 0.00000000
0.63823100 -0.30772410 0.70566790 0.00000000
-0.08672114 0.76803680 0.10146050 1.00000000

0.63566340 -0.30642940 -0.70854290 0.00000000
-0.33956840 0.71328510 -0.61312130 0.00000000
0.69327160 0.63033750 0.34935560 0.00000000
-0.27795100 0.37137280 0.10144030 1.00000000

0.45187790 -0.00580307 -0.89206090 0.00000000
-0.03173229 0.99924160 -0.02257442 0.00000000
0.89151530 0.03850807 0.45135120 0.00000000
-0.16964170 0.14386170 0.29700300 1.00000000

0.44291660 -0.00656060 -0.89653870 0.00000000
-0.12875200 0.98914310 -0.07084554 0.00000000
0.88727000 0.14680980 0.43726330 0.00000000
-0.28849010 0.03447437 0.23751080 1.00000000

0.71747650 -0.16187770 -0.67751230 0.00000000
0.00894138 0.97468320 -0.22341180 0.00000000
0.69652530 0.15423480 0.70075980 0.00000000
-0.00181235 0.93191280 -0.00610364 1.00000000

0.73479150 -0.32207660 -0.59694910 0.00000000
-0.01343216 0.87299350 -0.48754680 0.00000000
0.67816010 0.36626350 0.63714200 0.00000000
-0.00184455 1.09953200 -0.04614864 1.00000000

0.70894810 -0.45698440 -0.53717590 0.00000000
-0.25972950 0.53896190 -0.80128680 0.00000000
0.65569280 0.70759130 0.26340380 0.00000000
0.00303196 1.26731100 -0.13066900 1.00000000

0.04061133 0.86562870 -0.49903680 0.00000000
0.77311020 -0.34362070 -0.53312830 0.00000000
-0.63297060 -0.36415950 -0.68318120 0.00000000
0.02903258 1.29701300 -0.23944880 1.00000000

0.91662570 0.39925130 0.01990309 0.00000000
0.32631880 -0.71856710 -0.61414810 0.00000000
-0.23089770 0.56943850 -0.78893970 0.00000000
0.20212670 1.22007900 -0.35880730 1.00000000

0.91627920 0.40009750 0.01883450 0.00000000
-0.21025760 0.52047740 -0.82758400 0.00000000
-0.34091720 0.75433790 0.56102600 0.00000000
0.29968460 1.00525400 -0.54241500 1.00000000

0.88333520 0.42595550 -0.19565520 0.00000000
-0.42540470 0.55320010 -0.71624060 0.00000000
-0.19685020 0.71591330 0.66986450 0.00000000
0.24687350 1.13598400 -0.75028270 1.00000000

-0.79604480 -0.51554650 0.31705670 0.00000000
-0.19685020 0.71591340 0.66986450 0.00000000
-0.57233140 0.47082930 -0.67138430 0.00000000
0.13838320 1.21115700 -0.79532650 1.00000000

-0.39675670 0.70407080 -0.58895560 0.00000000
-0.90187530 -0.41845580 0.10731250 0.00000000
-0.17089630 0.57374160 0.80100910 0.00000000
0.17139370 1.25849100 -0.80052360 1.00000000

-0.61873890 -0.69353280 0.36901830 0.00000000
0.76656740 -0.43023600 0.47673030 0.00000000
-0.17186300 0.57784910 0.79784330 0.00000000
0.12182110 1.23549100 -0.79462500 1.00000000

-0.46493030 0.53322610 -0.70676040 0.00000000
-0.86356600 -0.44911280 0.22924170 0.00000000
-0.19517740 0.71691570 0.66928200 0.00000000
0.18095470 1.22816800 -0.83208540 1.00000000

-0.49856900 -0.65728680 0.56515750 0.00000000
0.84467320 -0.22183690 0.48715130 0.00000000
-0.19482510 0.72025190 0.66579330 0.00000000
0.13223300 1.20212000 -0.81833690 1.00000000

-0.65020350 0.26497380 -0.71205680 0.00000000
-0.69969480 -0.57406990 0.42528950 0.00000000
-0.29607970 0.77474700 0.55866300 0.00000000
0.18555790 1.19532000 -0.85938510 1.00000000

-0.46802630 -0.62753560 0.62221430 0.00000000
0.83263960 -0.07724380 0.54840230 0.00000000
-0.29607980 0.77474700 0.55866300 0.00000000
0.14772880 1.16428300 -0.83639190 1.00000000

-0.77973420 0.09609011 -0.61869330 0.00000000
-0.56864240 -0.52223220 0.63554670 0.00000000
-0.26203190 0.84737270 0.46184310 0.00000000
0.18906750 1.16696700 -0.88071750 1.00000000

-0.10953860 -0.49644560 0.86112890 0.00000000
0.95792510 0.17850250 0.22475920 0.00000000
-0.26529430 0.84951690 0.45600490 0.00000000
0.16141440 1.14094900 -0.84861460 1.00000000

0.12095600 0.86953220 0.47883600 0.00000000
-0.90637850 0.29344550 -0.30392110 0.00000000
-0.40478140 -0.39724540 0.82361890 0.00000000
0.17676980 1.21604400 -0.73384290 1.00000000

-0.91324250 0.39578030 -0.09667656 0.00000000
-0.25818850 -0.74577110 -0.61413740 0.00000000
-0.31516210 -0.53589520 0.78325530 0.00000000
0.12301180 1.23502400 -0.75110850 1.00000000

0.93789330 0.34631980 -0.02047810 0.00000000
-0.21025760 0.52047740 -0.82758400 0.00000000
-0.27595050 0.78049110 0.56096850 0.00000000
0.27558110 1.06492000 -0.63728770 1.00000000

-0.09866408 0.62027260 -0.77815640 0.00000000
0.32631880 -0.71856710 -0.61414810 0.00000000
-0.94009680 -0.31452130 -0.13150990 0.00000000
0.20212670 1.22007900 -0.35880730 1.00000000

0.40899390 0.69307860 -0.59360430 0.00000000
0.32631880 -0.71856710 -0.61414810 0.00000000
-0.85219750 0.05747850 -0.52005400 0.00000000
0.26412730 1.08355100 -0.47549540 1.00000000

0.41917500 0.33542210 -0.84367320 0.00000000
0.53723930 -0.84073840 -0.06733061 0.00000000
-0.73189260 -0.42503110 -0.53261830 0.00000000
0.21936330 1.25386600 -0.40637590 1.00000000

0.93713100 -0.16956410 -0.30501370 0.00000000
-0.23118700 0.35306960 -0.90658390 0.00000000
0.26141520 0.92010320 0.29167150 0.00000000
-0.04480463 1.36368000 -0.27578520 1.00000000

0.97447510 0.05765755 -0.21696490 0.00000000
-0.21186610 0.55578210 -0.80387750 0.00000000
0.07423571 0.82932620 0.55381160 0.00000000
-0.07283338 1.40648600 -0.38569830 1.00000000

0.97447510 0.05765755 -0.21696490 0.00000000
-0.21186610 0.55578210 -0.80387750 0.00000000
0.07423571 0.82932620 0.55381160 0.00000000
-0.09327591 1.33814500 -0.49567480 1.00000000

0.99064230 -0.12510140 0.05456540 0.00000000
-0.10311330 -0.42408980 0.89973090 0.00000000
-0.08941704 -0.89693800 -0.43302120 0.00000000
-0.03883206 1.35461400 -0.48670790 1.00000000

0.89295740 0.19210880 -0.40708900 0.00000000
-0.44931420 0.43518910 -0.78020960 0.00000000
0.02727564 0.87960490 0.47492270 0.00000000
-0.14117420 1.34816200 -0.46144120 1.00000000

0.97447510 0.05765747 -0.21696500 0.00000000
0.21186610 -0.55578210 0.80387750 0.00000000
-0.07423575 -0.82932610 -0.55381160 0.00000000
-0.05652777 1.37110600 -0.49309220 1.00000000

0.97447510 0.05765755 -0.21696490 0.00000000
-0.21186610 0.55578210 -0.80387750 0.00000000
0.07423571 0.82932620 0.55381160 0.00000000
-0.12893150 1.36682100 -0.47697090 1.00000000

0.92264210 0.08538707 -0.37608600 0.00000000
0.36006310 -0.54005800 0.76071800 0.00000000
-0.13815280 -0.83728510 -0.52902500 0.00000000
-0.07980851 1.34257700 -0.51589380 1.00000000

0.94414950 0.12033510 -0.30675900 0.00000000
-0.32104620 0.54565330 -0.77407480 0.00000000
0.07423571 0.82932620 0.55381160 0.00000000
-0.11154190 1.34089500 -0.51093620 1.00000000

0.97898380 0.16891640 -0.11427180 0.00000000
0.20127250 -0.70996860 0.67485850 0.00000000
0.03286546 -0.68367540 -0.72904600 0.00000000
-0.03316683 1.37028600 -0.52838560 1.00000000

0.96028480 -0.01259438 -0.27873730 0.00000000
-0.20245070 0.65599350 -0.72710820 0.00000000
0.19200740 0.75466150 0.62739090 0.00000000
-0.16513220 1.36232900 -0.50062440 1.00000000

0.94432910 0.12002980 -0.30632570 0.00000000
0.32044440 -0.54653970 0.77369900 0.00000000
-0.07455227 -0.82878670 -0.55457620 0.00000000
-0.05658749 1.37116500 -0.49334480 1.00000000

0.99216310 -0.00545188 -0.12483030 0.00000000
-0.10474310 0.50842270 -0.85471360 0.00000000
0.06812648 0.86109040 0.50386730 0.00000000
-0.12893380 1.36679500 -0.47698840 1.00000000

0.97014140 0.06911374 -0.23248540 0.00000000
-0.22974030 0.56914450 -0.78948960 0.00000000
0.07775317 0.81932760 0.56802880 0.00000000
-0.07910886 1.38473000 -0.41966530 1.00000000

0.91496490 0.17791400 -0.36219570 0.00000000
0.39413190 -0.58661690 0.70748940 0.00000000
-0.08659789 -0.79008080 -0.60685560 0.00000000
-0.06195884 1.29101200 -0.47004730 1.00000000

0.96843550 0.07327323 -0.23825150 0.00000000
-0.23582960 0.57889480 -0.78055450 0.00000000
0.08072886 0.81210330 0.57790230 0.00000000
-0.08379082 1.28853000 -0.46794100 1.00000000

0.99400480 -0.04377564 -0.10019050 0.00000000
-0.05268133 0.61121090 -0.78971240 0.00000000
0.09580770 0.79025610 0.60524060 0.00000000
-0.10677320 1.28997100 -0.45815420 1.00000000

0.97366080 0.07196309 -0.21634720 0.00000000
0.22100230 -0.53118680 0.81792340 0.00000000
-0.05606052 -0.84419320 -0.53309980 0.00000000
-0.03420231 1.31842600 -0.45660920 1.00000000

0.96515380 0.06276746 -0.25404400 0.00000000
-0.24799560 0.52925600 -0.81141000 0.00000000
0.08352417 0.84613740 0.52637960 0.00000000
-0.13013270 1.31459500 -0.43287390 1.00000000

0.95852590 0.09845396 -0.26745980 0.00000000
0.28060610 -0.49025400 0.82517370 0.00000000
-0.04988165 -0.86600140 -0.49754800 0.00000000
-0.06254757 1.30861900 -0.47377110 1.00000000

0.97275580 0.06209264 -0.22336220 0.00000000
-0.22425370 0.49635130 -0.83865710 0.00000000
0.05879170 0.86589840 0.49675320 0.00000000
-0.08513258 1.30308800 -0.46937300 1.00000000

0.98132820 0.03215670 -0.18963350 0.00000000
-0.18124030 0.48468600 -0.85570530 0.00000000
0.06439595 0.87409690 0.48146420 0.00000000
-0.10950810 1.30736200 -0.46267400 1.00000000

0.97439160 0.05787726 -0.21728160 0.00000000
0.21992450 -0.44660580 0.86728120 0.00000000
-0.04684335 -0.89285710 -0.44789760 0.00000000
-0.07117965 1.32775400 -0.48693250 1.00000000

0.97439160 0.05787726 -0.21728160 0.00000000
-0.21992450 0.44660580 -0.86728120 0.00000000
0.04684339 0.89285700 0.44789760 0.00000000
-0.09001601 1.31011400 -0.48848310 1.00000000

0.97439160 0.05787726 -0.21728160 0.00000000
-0.21992450 0.44660580 -0.86728120 0.00000000
0.04684339 0.89285700 0.44789760 0.00000000
-0.10828450 1.32544700 -0.47850410 1.00000000

0.97447510 0.05765755 -0.21696490 0.00000000
-0.21183540 0.55612550 -0.80364810 0.00000000
0.07432349 0.82909600 0.55414440 0.00000000
-0.09664597 1.43745600 -0.48441890 1.00000000

-0.01803677 -0.96421210 0.26451800 0.00000000
0.84580090 -0.15579960 -0.51024250 0.00000000
0.53319370 0.21452650 0.81834160 0.00000000
-0.04843686 1.34303200 -0.19003910 1.00000000

0.70225850 -0.68189980 -0.20456280 0.00000000
0.70942080 0.64621440 0.28129910 0.00000000
-0.05962646 -0.34266570 0.93756320 0.00000000
-0.23780860 1.37792400 -0.07580052 1.00000000

0.71359990 -0.67280100 -0.19522910 0.00000000
-0.17439480 -0.44051020 0.88064620 0.00000000
-0.67849990 -0.59438200 -0.43168090 0.00000000
-0.44990160 1.18472400 -0.15990100 1.00000000

0.79353670 -0.59695780 -0.11807210 0.00000000
-0.24351930 -0.48934000 0.83740380 0.00000000
