MeshAnim
1
50
88
30
0.15816340 0.96578910 -0.20551660 0.00000000
0.90855230 -0.06083677 0.41331930 0.00000000
0.38667630 -0.25209450 -0.88709160 0.00000000
0.15607670 1.75060200 0.24780450 1.00000000

-0.21124970 0.96041290 -0.18161040 0.00000000
0.89422210 0.11488130 -0.43263250 0.00000000
-0.39464160 -0.25379330 -0.88309030 0.00000000
-0.09506001 1.74711500 0.24827640 1.00000000

-0.00153348 0.85370760 -0.52075140 0.00000000
-0.00136378 0.52074980 0.85370920 0.00000000
0.99999830 0.00201932 0.00036556 0.00000000
0.02884599 1.87350700 0.25750570 1.00000000

0.01537870 0.98734750 0.15782900 0.00000000
-0.00728872 -0.15773270 0.98745590 0.00000000
0.99985580 -0.01633623 0.00477055 0.00000000
0.02910750 1.72791700 0.34631340 1.00000000

-0.02496144 0.79056920 -0.61186470 0.00000000
0.89650890 0.28851350 0.33620430 0.00000000
0.44232390 -0.54014970 -0.71595350 0.00000000
0.15260520 1.86054800 0.16271150 1.00000000

0.01196936 -0.97731830 0.21143890 0.00000000
-0.00306097 -0.21148890 -0.97737610 0.00000000
0.99992420 0.01105128 -0.00552314 0.00000000
0.02873294 1.79696300 0.08387394 1.00000000

-0.61368580 0.74158930 -0.27099100 0.00000000
0.78685050 0.60279910 -0.13229040 0.00000000
0.06524816 -0.29441390 -0.95344860 0.00000000
0.05492559 1.92687200 -0.04692392 1.00000000

0.01007140 0.93804320 -0.34637370 0.00000000
0.99759940 0.01431150 0.06776429 0.00000000
0.06852311 -0.34622430 -0.93564650 0.00000000
0.10087600 1.87134500 -0.02663319 1.00000000

0.86481590 0.35335730 -0.35669700 0.00000000
0.44688560 -0.86557070 0.22601280 0.00000000
-0.22888310 -0.35486200 -0.90646930 0.00000000
0.01323558 1.92070000 -0.04857308 1.00000000

0.12764410 0.81583850 -0.56401710 0.00000000
0.96887420 -0.22418140 -0.10500540 0.00000000
-0.21210940 -0.53305800 -0.81906040 0.00000000
-0.04805729 1.89565600 -0.02329251 1.00000000

-0.07188180 0.85427820 -0.51482250 0.00000000
0.97501740 -0.04858308 -0.21675340 0.00000000
-0.21017930 -0.51754130 -0.82944380 0.00000000
-0.05727580 1.83673600 0.01744108 1.00000000

0.21046300 0.68161150 -0.70079420 0.00000000
0.87199250 -0.45497210 -0.18064120 0.00000000
-0.44196840 -0.57306850 -0.69011430 0.00000000
-0.07208049 1.93409400 0.08564523 1.00000000

-0.00414661 0.79591280 -0.60539810 0.00000000
0.89916300 -0.26195660 -0.35055140 0.00000000
-0.43759600 -0.54580490 -0.71456860 0.00000000
-0.09563687 1.85780400 0.16408250 1.00000000

-0.01146799 0.66396090 -0.74768040 0.00000000
-0.00459583 0.74768650 0.66403700 0.00000000
0.99992420 0.01105130 -0.00552320 0.00000000
0.02719484 1.96910400 0.14985270 1.00000000

-0.23320190 0.67670770 -0.69834410 0.00000000
0.86366560 0.47415520 0.17105590 0.00000000
0.44687830 -0.56324470 -0.69502280 0.00000000
0.12650380 1.93628900 0.08454862 1.00000000

-0.05879664 -0.97674020 -0.20621030 0.00000000
-0.60294780 0.19937910 -0.77246540 0.00000000
0.79561160 0.07891554 -0.60064600 0.00000000
0.01668882 1.41431300 0.02704679 1.00000000

0.04479292 -0.99816570 0.04073769 0.00000000
-0.60533390 -0.05955914 -0.79374070 0.00000000
0.79471080 0.01089398 -0.60689130 0.00000000
0.03415293 1.71337700 0.08947088 1.00000000

0.00340897 0.21149370 0.97737400 0.00000000
-0.01162687 0.97732180 -0.21144180 0.00000000
-0.99992720 -0.01064293 0.00579089 0.00000000
0.03533085 1.78334300 -0.00367120 1.00000000

0.00305745 0.21149000 0.97737570 0.00000000
-0.01196608 0.97731810 -0.21144000 0.00000000
-0.99992420 -0.01104883 0.00551903 0.00000000
0.02147464 1.78319000 -0.00359464 1.00000000

-0.16172530 -0.95852450 -0.23468410 0.00000000
-0.50070770 0.28463240 -0.81748210 0.00000000
0.85037480 -0.01469944 -0.52597280 0.00000000
0.00000000 1.17109700 0.00000014 1.00000000

-0.10378440 -0.98289140 -0.15216530 0.00000000
-0.47598290 0.18341740 -0.86011590 0.00000000
0.87330970 -0.01683861 -0.48687530 0.00000000
0.00472725 1.25781200 0.00931325 1.00000000

-0.05253973 -0.99545930 -0.07938085 0.00000000
-0.50141840 0.09504102 -0.85996970 0.00000000
0.86360880 -0.00537961 -0.50413500 0.00000000
0.01181895 1.32462700 0.01971981 1.00000000

0.66577120 -0.01326891 -0.74603910 0.00000000
0.04117317 0.99897320 0.01897624 0.00000000
0.74501980 -0.04335070 0.66563320 0.00000000
0.30817970 0.99313210 -0.12332130 1.00000000

-0.95911590 -0.09274719 0.26738780 0.00000000
-0.06969611 0.99308550 0.09446763 0.00000000
-0.27430020 0.07196949 -0.95894780 0.00000000
-0.19871070 0.96106620 0.23232380 1.00000000

-0.00352505 0.68362900 0.72982200 0.00000000
-0.01184046 0.72974670 -0.68361590 0.00000000
-0.99992410 -0.01105112 0.00552228 0.00000000
0.02840612 1.81691100 0.06456757 1.00000000

0.00305781 0.21148970 0.97737620 0.00000000
-0.01196615 0.97731830 -0.21143940 0.00000000
-0.99992430 -0.01104886 0.00551927 0.00000000
0.05659257 1.78041800 0.01037242 1.00000000

0.00305781 0.21148970 0.97737620 0.00000000
-0.01196615 0.97731830 -0.21143940 0.00000000
-0.99992430 -0.01104886 0.00551927 0.00000000
0.00043213 1.77979700 0.01068260 1.00000000

-0.08173627 0.94154690 -0.32681840 0.00000000
-0.98692320 -0.12217410 -0.10515100 0.00000000
-0.13893330 0.31394990 0.93922010 0.00000000
-0.04812752 1.10485500 0.23265500 1.00000000

-0.05950761 0.90940240 -0.41163950 0.00000000
-0.98784210 -0.11297900 -0.10679070 0.00000000
-0.14362230 0.40028010 0.90506920 0.00000000
-0.03544606 0.95877430 0.28336060 1.00000000

0.01491174 0.79749720 -0.60313950 0.00000000
-0.98933830 -0.07562990 -0.12446120 0.00000000
-0.14487280 0.59856490 0.78786670 0.00000000
-0.02767642 0.84001650 0.33711590 1.00000000

0.11178430 0.58027040 -0.80671690 0.00000000
-0.98585840 -0.03723778 -0.16339250 0.00000000
-0.12485230 0.81357310 0.56790180 0.00000000
-0.03034067 0.69753350 0.44487440 1.00000000

0.00343254 0.18067920 0.98353670 0.00000000
0.01186724 -0.98348050 0.18062740 0.00000000
0.99992410 0.01105179 -0.00552025 0.00000000
0.06445298 1.84782500 -0.00786625 1.00000000

-0.00609807 0.80668850 0.59094640 0.00000000
-0.01118430 0.59086530 -0.80669330 0.00000000
-0.99991940 -0.01152849 0.00541922 0.00000000
0.06445198 1.84787500 -0.00794438 1.00000000

-0.40983930 0.88032150 -0.23888760 0.00000000
-0.35759230 0.08586816 0.92992250 0.00000000
0.83914260 0.46654290 0.27960380 0.00000000
0.30584870 0.96646340 0.09488214 1.00000000

-0.37847690 0.86886880 -0.31909890 0.00000000
-0.39172690 0.16199380 0.90570960 0.00000000
0.83863360 0.46778910 0.27904800 0.00000000
0.35936950 0.85150330 0.12607700 1.00000000

-0.40075500 0.89624890 -0.19009150 0.00000000
-0.34008350 0.04713698 0.93921400 0.00000000
0.85072890 0.44104150 0.28590880 0.00000000
0.24367170 1.10551600 0.06538957 1.00000000

-0.31207220 0.87386600 -0.37278850 0.00000000
-0.41936480 0.22538530 0.87939540 0.00000000
0.85249340 0.43076880 0.29613170 0.00000000
0.42698920 0.69626910 0.18308790 1.00000000

0.00343573 0.18067710 0.98353700 0.00000000
0.01186781 -0.98348070 0.18062520 0.00000000
0.99992410 0.01105181 -0.00552338 0.00000000
-0.00911720 1.84701200 -0.00746002 1.00000000

-0.00609669 0.80668730 0.59094810 0.00000000
-0.01118654 0.59086700 -0.80669190 0.00000000
-0.99991950 -0.01152876 0.00542191 0.00000000
-0.00911818 1.84706200 -0.00753816 1.00000000

-0.18775460 0.98212150 -0.01369253 0.00000000
-0.11134110 -0.03513216 -0.99316170 0.00000000
-0.97588560 -0.18494600 0.11594670 0.00000000
0.34297170 0.21313720 -0.14716680 1.00000000

0.06052822 0.99433560 -0.08737218 0.00000000
-0.77839600 -0.00777491 -0.62772550 0.00000000
-0.62484900 0.10600540 0.77351630 0.00000000
-0.26119780 0.21105960 0.26374800 1.00000000

-0.33320110 0.93845500 0.09099907 0.00000000
0.74482600 0.20281160 0.63569090 0.00000000
0.57811090 0.27959100 -0.76656210 0.00000000
0.11458020 1.45008200 -0.06824198 1.00000000

-0.34161350 0.93451170 0.09994797 0.00000000
0.74444120 0.20414160 0.63571600 0.00000000
0.57367990 0.29157420 -0.76542580 0.00000000
0.18843760 1.24206400 -0.08841289 1.00000000

-0.13471250 0.97899280 -0.15305850 0.00000000
-0.47762340 0.07118341 0.87567710 0.00000000
0.86817590 0.19106880 0.45800030 0.00000000
0.12431200 1.39934000 0.04749810 1.00000000

-0.15210390 0.97842200 -0.13984250 0.00000000
-0.47449280 0.05183048 0.87873330 0.00000000
0.86701910 0.20001270 0.45637010 0.00000000
0.14623250 1.24003900 0.07240374 1.00000000

-0.33453390 0.92794140 -0.16435730 0.00000000
-0.33881330 0.04431328 0.93981030 0.00000000
0.87937110 0.37008460 0.29957430 0.00000000
0.16166360 1.31411100 0.02683330 1.00000000

-0.38640720 0.90565300 -0.17459450 0.00000000
-0.33618910 0.03797558 0.94102940 0.00000000
0.85887560 0.42231700 0.28979640 0.00000000
0.19976930 1.20841400 0.04555257 1.00000000

0.00628208 0.97156310 -0.23669950 0.00000000
-0.99995120 0.00791918 0.00596640 0.00000000
0.00767109 0.23665050 0.97156500 0.00000000
-0.01860151 1.40023100 0.13092420 1.00000000

-0.00834759 0.97754380 -0.21056870 0.00000000
-0.99993650 -0.00655471 0.00921083 0.00000000
0.00762370 0.21063210 0.97753590 0.00000000
-0.01962376 1.24213900 0.16944010 1.00000000

0.15116550 0.91169670 -0.38204630 0.00000000
-0.44464100 -0.28246950 -0.85000380 0.00000000
-0.88286140 0.29836450 0.36267800 0.00000000
-0.11412510 1.45150700 0.06526516 1.00000000

0.13691260 0.91648950 -0.37590320 0.00000000
-0.44484580 -0.28217520 -0.84999430 0.00000000
-0.88508090 0.28359380 0.36906310 0.00000000
-0.14763250 1.24942100 0.14994970 1.00000000

-0.04147860 0.93667470 -0.34773710 0.00000000
-0.98920690 -0.08745166 -0.11756830 0.00000000
-0.14053340 0.33910720 0.93019220 0.00000000
-0.06108797 1.31926200 0.15785600 1.00000000

-0.07250473 0.94805750 -0.30972710 0.00000000
-0.98773570 -0.11131030 -0.10949340 0.00000000
-0.13828190 0.29798970 0.94450050 0.00000000
-0.05636534 1.21257000 0.19746470 1.00000000

-0.04904664 0.26139920 0.96398450 0.00000000
0.02846491 -0.96438810 0.26295690 0.00000000
0.99839140 0.04033685 0.03985933 0.00000000
0.06167273 1.84782600 -0.00787142 1.00000000

0.05390248 0.26254010 0.96341510 0.00000000
0.00424102 0.96474860 -0.26314080 0.00000000
-0.99853800 0.01826984 0.05088900 0.00000000
-0.00633789 1.84707400 -0.00749589 1.00000000

-0.19429530 0.97150740 -0.13573700 0.00000000
-0.47048860 0.02912626 0.88192630 0.00000000
0.86075020 0.23521640 0.45142370 0.00000000
0.18892390 0.96542060 0.11165400 1.00000000

-0.02944934 0.98281030 -0.18225700 0.00000000
-0.99952770 -0.02734963 0.01402381 0.00000000
0.00879794 0.18258380 0.98315120 0.00000000
-0.01728078 0.96776620 0.22854130 1.00000000

-0.36878540 0.92119530 0.12409040 0.00000000
0.74231860 0.21153150 0.63578240 0.00000000
0.55942980 0.32658140 -0.76182910 0.00000000
0.28818430 0.96919830 -0.11759630 1.00000000

-0.22045220 0.96206780 -0.16071190 0.00000000
-0.47531460 0.03791991 0.87899940 0.00000000
0.85174990 0.27016570 0.44892480 0.00000000
0.22411820 0.78944330 0.13624130 1.00000000

-0.40605210 0.90082840 0.15372630 0.00000000
0.73843150 0.22433120 0.63592140 0.00000000
0.53836950 0.37173310 -0.75628920 0.00000000
0.36745990 0.77117450 -0.14427140 1.00000000

-0.01897453 0.97502250 -0.22129560 0.00000000
-0.99980490 -0.01727601 0.00960869 0.00000000
0.00554538 0.22143470 0.97515950 0.00000000
-0.01194613 0.78974160 0.26155490 1.00000000

-0.83500790 0.09546851 0.54189380 0.00000000
0.51575690 -0.20735380 0.83126440 0.00000000
0.19172310 0.97359720 0.12390360 0.00000000
0.08942352 1.64262500 0.05286767 1.00000000

-0.31496950 0.94910130 -0.00171897 0.00000000
0.51270870 0.17167160 0.84122510 0.00000000
0.79870230 0.26407850 -0.54068360 0.00000000
0.19190580 1.63090800 -0.01364011 1.00000000

0.68460040 0.18587550 -0.70482180 0.00000000
0.72888510 -0.18390970 0.65947290 0.00000000
-0.00704351 -0.96520890 -0.26138660 0.00000000
-0.00664956 1.63309600 0.12539740 1.00000000

0.08265205 0.97246050 -0.21792190 0.00000000
0.51703900 0.14509500 0.84357510 0.00000000
0.85196270 -0.18239730 -0.49080790 0.00000000
-0.09067200 1.61028300 0.21190170 1.00000000

0.10439690 0.92763080 -0.35861350 0.00000000
-0.44567480 -0.27871620 -0.85070110 0.00000000
-0.88908730 0.24863540 0.38432450 0.00000000
-0.18760920 0.98181690 0.25970870 1.00000000

0.08807947 0.93450600 -0.34487950 0.00000000
-0.44869790 -0.27188910 -0.85132090 0.00000000
-0.88933280 0.22973060 0.39536290 0.00000000
-0.21005080 0.78240970 0.33679750 1.00000000

-0.20802490 0.93773600 0.27816990 0.00000000
-0.28350100 0.21437880 -0.93470300 0.00000000
-0.93613770 -0.27330280 0.22125300 0.00000000
0.08594976 1.16961100 -0.05316170 1.00000000

0.30192850 0.94780440 -0.10250260 0.00000000
-0.73521650 0.16305410 -0.65792890 0.00000000
-0.60687420 0.27400910 0.74607210 0.00000000
-0.08594979 1.17258300 0.05316184 1.00000000

0.03165993 0.94628290 -0.32178720 0.00000000
-0.79416730 -0.17166380 -0.58294930 0.00000000
-0.60687400 0.27400900 0.74607210 0.00000000
-0.24581870 0.67072720 0.10743620 1.00000000

0.45187640 0.77522180 -0.44140740 0.00000000
-0.17955340 0.56371740 0.80621680 0.00000000
0.87382480 -0.28505430 0.39392390 0.00000000
0.28468470 0.99605770 -0.17107060 1.00000000

0.41226940 0.80755830 -0.42176480 0.00000000
-0.51899620 0.58865170 0.61978630 0.00000000
0.74878450 -0.03662460 0.66180180 0.00000000
0.32553040 1.02711900 -0.14107150 1.00000000

0.27623270 0.87134030 -0.40554090 0.00000000
0.92859320 -0.13316870 0.34638450 0.00000000
0.24781360 -0.47226520 -0.84590570 0.00000000
0.23612960 1.06252300 -0.10853420 1.00000000

-0.64649310 0.72118440 0.24887920 0.00000000
0.76286770 0.60724200 0.22201510 0.00000000
0.00898418 0.33339280 -0.94274570 0.00000000
-0.23146700 0.96379790 0.19036990 1.00000000

-0.61444030 0.75662370 0.22357370 0.00000000
0.74177940 0.65054170 -0.16297250 0.00000000
-0.26875220 0.06570534 -0.96096620 0.00000000
-0.22456990 0.99290920 0.24173300 1.00000000

-0.54455910 0.83122840 0.11187380 0.00000000
-0.08602872 -0.18803910 0.97838760 0.00000000
0.83429960 0.52316510 0.17390770 0.00000000
-0.15876160 1.03617000 0.17768390 1.00000000

-0.13301090 0.95380800 0.26937060 0.00000000
0.58684250 -0.14323000 0.79693320 0.00000000
0.79870220 0.26407850 -0.54068360 0.00000000
0.25999990 1.42571900 -0.01326846 1.00000000

0.23474390 0.97093780 0.04665102 0.00000000
0.46803460 -0.15495900 0.87001870 0.00000000
0.85196260 -0.18239720 -0.49080820 0.00000000
-0.10854080 1.40004300 0.25901500 1.00000000

0.00306073 0.21149000 0.97737590 0.00000000
-0.01196909 0.97731790 -0.21144000 0.00000000
-0.99992420 -0.01105111 0.00552282 0.00000000
0.02745403 1.86502800 -0.01155527 1.00000000

0.00306073 0.21149000 0.97737590 0.00000000
-0.01196909 0.97731790 -0.21144000 0.00000000
-0.99992420 -0.01105111 0.00552282 0.00000000
0.02746621 1.85508100 -0.02925456 1.00000000

-0.30235900 0.94686250 -0.10969140 0.00000000
-0.17951690 -0.16958430 -0.96902820 0.00000000
-0.93613760 -0.27330280 0.22125310 0.00000000
0.19609740 0.67308630 -0.20045070 1.00000000

-0.05582470 0.91365220 0.40264820 0.00000000
-0.51153390 -0.37250090 0.77432410 0.00000000
0.85744850 -0.16274180 0.48815830 0.00000000
0.30392390 1.11074500 -0.10222220 1.00000000

0.78591860 0.60855560 -0.10951390 0.00000000
0.56649950 -0.63767390 0.52196980 0.00000000
0.24781350 -0.47226530 -0.84590570 0.00000000
0.27177000 1.09012000 -0.11350060 1.00000000

0.12505330 0.91463580 0.38445480 0.00000000
-0.46988670 -0.28668420 0.83487780 0.00000000
0.87382500 -0.28505430 0.39392360 0.00000000
0.28911550 1.02846500 -0.15744850 1.00000000

0.32241620 0.93075830 0.17244610 0.00000000
0.94368220 -0.30175540 -0.13567890 0.00000000
-0.07424733 0.20647930 -0.97563040 0.00000000
-0.18606000 1.07941300 0.24360950 1.00000000

-0.48371240 0.54328010 0.68620010 0.00000000
0.26451480 -0.65661710 0.70631920 0.00000000
0.83429940 0.52316500 0.17390780 0.00000000
-0.18069730 1.06080800 0.20880210 1.00000000

0.22672070 0.91755240 0.32664410 0.00000000
0.97391900 -0.21667470 -0.06734365 0.00000000
0.00898433 0.33339280 -0.94274570 0.00000000
-0.22343390 0.99630870 0.20194350 1.00000000

-1.00000000 0.00000000 0.00000000 0.00000000
0.00000000 1.00000000 0.00000000 0.00000000
0.00000000 0.00000000 -1.00000000 0.00000000
0.00000000 0.00000000 0.00000000 1.00000000

0.15952000 0.96546670 -0.20598050 0.00000000
0.90887190 -0.06218136 0.41241380 0.00000000
0.38536370 -0.25299810 -0.88740500 0.00000000
0.15618660 1.75051200 0.24676060 1.00000000

-0.20510830 0.96137850 -0.18352820 0.00000000
0.89607270 0.10902920 -0.43030920 0.00000000
-0.39367980 -0.25271470 -0.88382790 0.00000000
-0.09537181 1.74734100 0.24775820 1.00000000

-0.00523913 0.85313220 -0.52166930 0.00000000
-0.00038353 0.52167490 0.85314480 0.00000000
0.99998640 0.00466985 -0.00240615 0.00000000
0.02861759 1.87331200 0.25643530 1.00000000

0.01121285 0.98720350 0.15907380 0.00000000
-0.00415847 -0.15903650 0.98726460 0.00000000
0.99992850 -0.01173160 0.00232190 0.00000000
0.02951111 1.72782100 0.34539970 1.00000000

-0.02589229 0.78904240 -0.61379300 0.00000000
0.89723690 0.28907800 0.33376600 0.00000000
0.44078950 -0.54207590 -0.71544310 0.00000000
0.15258580 1.86024500 0.16139940 1.00000000

0.01148506 -0.97734670 0.21133240 0.00000000
-0.00460473 -0.21139580 -0.97738980 0.00000000
0.99992350 0.01025219 -0.00692844 0.00000000
0.02841443 1.79678600 0.08279549 1.00000000

-0.61614270 0.73590510 -0.28073600 0.00000000
0.78439030 0.60562230 -0.13399130 0.00000000
0.07141522 -0.30276430 -0.95038620 0.00000000
0.05452698 1.92668700 -0.04802713 1.00000000

0.00611627 0.93682660 -0.34974170 0.00000000
0.99757210 0.01854677 0.06712616 0.00000000
0.06937218 -0.34930310 -0.93443860 0.00000000
0.10066130 1.87158500 -0.02700665 1.00000000

0.86494140 0.35285070 -0.35689400 0.00000000
0.44634720 -0.86595980 0.22558410 0.00000000
-0.22945790 -0.35441570 -0.90649830 0.00000000
0.01282976 1.92054800 -0.04961822 1.00000000

0.12216230 0.80917570 -0.57472740 0.00000000
0.96880840 -0.22301160 -0.10805760 0.00000000
-0.21560820 -0.54360010 -0.81117990 0.00000000
-0.04847193 1.89554000 -0.02432377 1.00000000

-0.07762179 0.85230780 -0.51724900 0.00000000
0.97411340 -0.04565080 -0.22140390 0.00000000
-0.21231690 -0.52104490 -0.82670110 0.00000000
-0.05729459 1.83710100 0.01718323 1.00000000

0.20980490 0.68058900 -0.70198370 0.00000000
0.87129400 -0.45591920 -0.18161660 0.00000000
-0.44365390 -0.57353000 -0.68864710 0.00000000
-0.07228666 1.93399800 0.08472110 1.00000000

-0.00285792 0.79442220 -0.60735950 0.00000000
0.89853530 -0.26452730 -0.35022810 0.00000000
-0.43889200 -0.54673510 -0.71306040 0.00000000
-0.09576947 1.85782200 0.16329150 1.00000000

-0.01049328 0.66405320 -0.74761210 0.00000000
-0.00306401 0.74762830 0.66411060 0.00000000
0.99994030 0.00925930 -0.00581041 0.00000000
0.02710677 1.96892200 0.14879200 1.00000000

-0.23487210 0.67713360 -0.69737020 0.00000000
0.86431190 0.47374750 0.16890240 0.00000000
0.44474700 -0.56307490 -0.69652500 0.00000000
0.12629740 1.93603500 0.08334541 1.00000000

-0.05833155 -0.97724430 -0.20393970 0.00000000
-0.60559950 0.19704450 -0.77098820 0.00000000
0.79362870 0.07853275 -0.60331250 0.00000000
0.01655778 1.41401200 0.02701835 1.00000000

0.04520928 -0.99796060 0.04506719 0.00000000
-0.60820300 -0.06328517 -0.79125480 0.00000000
0.79249300 0.00836199 -0.60982380 0.00000000
0.03387723 1.71322800 0.08874883 1.00000000

0.00495279 0.21140030 0.97738730 0.00000000
-0.01114260 0.97735010 -0.21133590 0.00000000
-0.99992570 -0.00984387 0.00719619 0.00000000
0.03487832 1.78316900 -0.00476003 1.00000000

0.00460154 0.21139690 0.97738950 0.00000000
-0.01148181 0.97734650 -0.21133360 0.00000000
-0.99992360 -0.01024968 0.00692472 0.00000000
0.02102209 1.78302700 -0.00466400 1.00000000

-0.16218630 -0.95854460 -0.23428230 0.00000000
-0.50081810 0.28453490 -0.81744790 0.00000000
0.85022140 -0.01524615 -0.52620400 0.00000000
-0.00008009 1.17077700 0.00017685 1.00000000

-0.10387580 -0.98286550 -0.15226760 0.00000000
-0.47609290 0.18355370 -0.86002550 0.00000000
0.87323810 -0.01684241 -0.48700200 0.00000000
0.00465987 1.25749300 0.00947785 1.00000000

-0.05175940 -0.99567390 -0.07716515 0.00000000
-0.49991820 0.09272312 -0.86109480 0.00000000
0.86452440 -0.00599359 -0.50255480 0.00000000
0.01175766 1.32430600 0.01989145 1.00000000

0.66616890 -0.01728077 -0.74560030 0.00000000
0.04197511 0.99901580 0.01434937 0.00000000
0.74461830 -0.04085582 0.66623870 0.00000000
0.30835150 0.99246070 -0.12319530 1.00000000

-0.95777140 -0.09230247 0.27231260 0.00000000
-0.06973436 0.99336620 0.09144010 0.00000000
-0.27894630 0.06858912 -0.95785430 0.00000000
-0.19783300 0.96080460 0.23385080 1.00000000

-0.00195158 0.68356390 0.72988840 0.00000000
-0.01221824 0.72981890 -0.68353140 0.00000000
-0.99992350 -0.01025188 0.00692776 0.00000000
0.02807642 1.81673700 0.06349140 1.00000000

0.00460157 0.21139660 0.97738970 0.00000000
-0.01148190 0.97734700 -0.21133300 0.00000000
-0.99992370 -0.01024977 0.00692466 0.00000000
0.05615741 1.78022600 0.00925340 1.00000000

0.00460157 0.21139660 0.97738970 0.00000000
-0.01148190 0.97734700 -0.21133300 0.00000000
-0.99992370 -0.01024977 0.00692466 0.00000000
-0.00000300 1.77965000 0.00964246 1.00000000

-0.08042897 0.94390780 -0.32026410 0.00000000
-0.98728250 -0.11964420 -0.10468560 0.00000000
-0.13713120 0.30777140 0.94152640 0.00000000
-0.04879489 1.10499600 0.23333490 1.00000000

-0.06392676 0.91563730 -0.39689030 0.00000000
-0.98773400 -0.11482700 -0.10581630 0.00000000
-0.14246310 0.38525740 0.91174660 0.00000000
-0.03631624 0.95854960 0.28302370 1.00000000

0.00661427 0.81226120 -0.58325630 0.00000000
-0.98924230 -0.07992394 -0.12252320 0.00000000
-0.14613700 0.57779220 0.80299500 0.00000000
-0.02796950 0.83897740 0.33485290 1.00000000

0.10363350 0.60264710 -0.79125010 0.00000000
-0.98621930 -0.04088978 -0.16031280 0.00000000
-0.12896610 0.79695950 0.59010500 0.00000000
-0.02915134 0.69385670 0.43905890 1.00000000

0.00498071 0.17878910 0.98387500 0.00000000
0.01132561 -0.98383410 0.17872440 0.00000000
0.99992340 0.01025273 -0.00692534 0.00000000
0.06404604 1.84762800 -0.00899019 1.00000000

-0.00417621 0.80664250 0.59102530 0.00000000
-0.01164562 0.59095090 -0.80662340 0.00000000
-0.99992350 -0.01025143 0.00692612 0.00000000
0.06404498 1.84767800 -0.00906827 1.00000000

-0.41508130 0.87941000 -0.23312120 0.00000000
-0.35483600 0.07945919 0.93154560 0.00000000
0.83773430 0.46938730 0.27906460 0.00000000
0.30457260 0.96540300 0.09296207 1.00000000

-0.39018570 0.86729740 -0.30911180 0.00000000
-0.38760360 0.14980120 0.90957280 0.00000000
0.83517570 0.47471560 0.27771770 0.00000000
0.35877800 0.85056190 0.12340390 1.00000000

-0.40001050 0.89644230 -0.19074280 0.00000000
-0.34055670 0.04783612 0.93900630 0.00000000
0.85088920 0.44057120 0.28615460 0.00000000
0.24251130 1.10448500 0.06336856 1.00000000

-0.32423700 0.87138740 -0.36817690 0.00000000
-0.41848820 0.21691800 0.88193740 0.00000000
0.84837330 0.44003470 0.29433270 0.00000000
0.42848950 0.69560830 0.17863050 1.00000000

0.00498372 0.17878700 0.98387550 0.00000000
0.01132601 -0.98383460 0.17872210 0.00000000
0.99992350 0.01025267 -0.00692832 0.00000000
-0.00952406 1.84687400 -0.00848057 1.00000000

-0.00417511 0.80664130 0.59102680 0.00000000
-0.01164791 0.59095260 -0.80662240 0.00000000
-0.99992350 -0.01025196 0.00692856 0.00000000
-0.00952514 1.84692400 -0.00855864 1.00000000

-0.18770620 0.98213000 -0.01367402 0.00000000
-0.11133310 -0.03510589 -0.99316310 0.00000000
-0.97589510 -0.18490040 0.11593310 0.00000000
0.34298070 0.21313870 -0.14716400 1.00000000

0.06057970 0.99433370 -0.08735133 0.00000000
-0.77839120 -0.00772221 -0.62773170 0.00000000
-0.62484940 0.10602150 0.77351310 0.00000000
-0.26118730 0.21105710 0.26375420 1.00000000

-0.33325670 0.93850840 0.09023419 0.00000000
0.74441050 0.20317940 0.63605910 0.00000000
0.57861260 0.27914210 -0.76634630 0.00000000
0.11459790 1.44962300 -0.06817485 1.00000000

-0.33930550 0.93560800 0.09751836 0.00000000
0.74434320 0.20365310 0.63598650 0.00000000
0.57517360 0.28838070 -0.76551380 0.00000000
0.18846780 1.24159300 -0.08817623 1.00000000

-0.13638550 0.97848090 -0.15483630 0.00000000
-0.47749700 0.07201260 0.87567720 0.00000000
0.86798340 0.19336350 0.45740040 0.00000000
0.12415230 1.39915600 0.04770011 1.00000000

-0.15107980 0.97964620 -0.13216890 0.00000000
-0.47306510 0.04574794 0.87983880 0.00000000
0.86797700 0.19545030 0.45652500 0.00000000
0.14634500 1.23993800 0.07289502 1.00000000

-0.32952410 0.93122180 -0.15569200 0.00000000
-0.33621960 0.03835189 0.94100240 0.00000000
0.88225260 0.36242960 0.30045720 0.00000000
0.16164000 1.31395000 0.02718299 1.00000000

-0.38142330 0.91002060 -0.16241640 0.00000000
-0.33201100 0.02911308 0.94282630 0.00000000
0.86271940 0.41354010 0.29103260 0.00000000
0.19917510 1.20787900 0.04491527 1.00000000

0.00580974 0.97044210 -0.24126410 0.00000000
-0.99993720 0.00794824 0.00789091 0.00000000
0.00957543 0.24120310 0.97042730 0.00000000
-0.01891275 1.40014800 0.13086470 1.00000000

-0.01010695 0.97757120 -0.21036270 0.00000000
-0.99989400 -0.00767887 0.01235566 0.00000000
0.01046321 0.21046530 0.97754540 0.00000000
-0.01985811 1.24223800 0.17012330 1.00000000

0.15578680 0.90968390 -0.38497480 0.00000000
-0.44371770 -0.28375300 -0.85005820 0.00000000
-0.88252170 0.30324820 0.35943780 0.00000000
-0.11434970 1.45121000 0.06491379 1.00000000

0.14013320 0.91507600 -0.37815210 0.00000000
-0.44395360 -0.28330790 -0.85008370 0.00000000
-0.88502420 0.28700700 0.36655020 0.00000000
-0.14888160 1.24957000 0.15024750 1.00000000

-0.04015014 0.93451770 -0.35364460 0.00000000
-0.98958600 -0.08615380 -0.11531460 0.00000000
-0.13823130 0.34533180 0.92824470 0.00000000
-0.06134557 1.31930600 0.15825910 1.00000000

-0.07022980 0.94936010 -0.30624010 0.00000000
-0.98824020 -0.10801820 -0.10823030 0.00000000
-0.13582890 0.29503780 0.94578190 0.00000000
-0.05677426 1.21286000 0.19854090 1.00000000

-0.04846400 0.26092240 0.96414270 0.00000000
0.02786343 -0.96454830 0.26243280 0.00000000
0.99843620 0.03958280 0.03947554 0.00000000
0.06126579 1.84763100 -0.00899141 1.00000000

0.05448383 0.26198830 0.96353210 0.00000000
0.00483903 0.96488460 -0.26262980 0.00000000
-0.99850280 0.01897166 0.05130280 0.00000000
-0.00674478 1.84693400 -0.00852037 1.00000000

-0.18431340 0.97291120 -0.13954480 0.00000000
-0.47173680 0.03698834 0.88096310 0.00000000
0.86226020 0.22820170 0.45214080 0.00000000
0.18874910 0.96497550 0.10999150 1.00000000

-0.01707827 0.98483150 -0.17267090 0.00000000
-0.99980310 -0.01507968 0.01287881 0.00000000
0.01007968 0.17285690 0.98489530 0.00000000
-0.01702131 0.96785800 0.22916680 1.00000000

-0.36194140 0.92472360 0.11783590 0.00000000
0.74243980 0.20951100 0.63630860 0.00000000
0.56372120 0.31779230 -0.76238210 0.00000000
0.28754060 0.96840690 -0.11665020 1.00000000

-0.21213400 0.96441300 -0.15782110 0.00000000
-0.47606340 0.03905322 0.87854340 0.00000000
0.85344160 0.26150170 0.45083730 0.00000000
0.22213520 0.78874400 0.13526850 1.00000000

-0.39928750 0.90469070 0.14867730 0.00000000
0.73881600 0.22148020 0.63647280 0.00000000
0.54288150 0.36398060 -0.75683410 0.00000000
0.36534510 0.76962470 -0.14198080 1.00000000

-0.01999393 0.98241750 -0.18562450 0.00000000
-0.99977930 -0.01845821 0.00999722 0.00000000
0.00639528 0.18578350 0.98257000 0.00000000
-0.01392759 0.78946720 0.26044390 1.00000000

-0.83274460 0.09837348 0.54484760 0.00000000
0.51880640 -0.20498180 0.82995330 0.00000000
0.19332900 0.97380970 0.11966080 0.00000000
0.08911301 1.64246100 0.05212300 1.00000000

-0.31553220 0.94891050 -0.00295586 0.00000000
0.51231470 0.17297560 0.84119740 0.00000000
0.79873190 0.26391040 -0.54072000 0.00000000
0.19131750 1.63038700 -0.01474728 1.00000000

0.68489380 0.18516320 -0.70472310 0.00000000
0.72861730 -0.18208820 0.66027310 0.00000000
-0.00606345 -0.96569070 -0.25962430 0.00000000
-0.00672062 1.63297700 0.12497480 1.00000000

0.08112890 0.97233190 -0.21906360 0.00000000
0.52056660 0.14609200 0.84123000 0.00000000
0.84995790 -0.18228520 -0.49431120 0.00000000
-0.09077902 1.61025200 0.21146690 1.00000000

0.10598390 0.92664990 -0.36067700 0.00000000
-0.44474190 -0.28024360 -0.85068730 0.00000000
-0.88936610 0.25056730 0.38241860 0.00000000
-0.18979870 0.98237880 0.26066310 1.00000000

0.07006215 0.93874830 -0.33740710 0.00000000
-0.44717580 -0.27279330 -0.85183240 0.00000000
-0.89169780 0.21056150 0.40067280 0.00000000
-0.21258140 0.78318230 0.33819550 1.00000000

-0.20773690 0.93733070 0.27974440 0.00000000
-0.28408140 0.21584670 -0.93418840 0.00000000
-0.93602500 -0.27353560 0.22143880 0.00000000
0.08585417 1.16923600 -0.05300834 1.00000000

0.30313920 0.94754560 -0.10131120 0.00000000
-0.73482840 0.16473980 -0.65794220 0.00000000
-0.60674000 0.27389450 0.74622260 0.00000000
-0.08601435 1.17231800 0.05336192 1.00000000

0.03018567 0.94602440 -0.32268680 0.00000000
-0.79432650 -0.17326190 -0.58225890 0.00000000
-0.60674030 0.27389480 0.74622230 0.00000000
-0.24652430 0.67059910 0.10700540 1.00000000

0.45176850 0.77300210 -0.44539110 0.00000000
-0.17937260 0.56774960 0.80342170 0.00000000
0.87391690 -0.28306970 0.39514680 0.00000000
0.28488050 0.99527220 -0.17097060 1.00000000

0.41117910 0.80749850 -0.42293970 0.00000000
-0.52042540 0.58888050 0.61836640 0.00000000
0.74839070 -0.03415076 0.66237830 0.00000000
0.32565620 1.02644500 -0.14099500 1.00000000

0.27540170 0.87080120 -0.40725820 0.00000000
0.92852560 -0.13123100 0.34730180 0.00000000
0.24898600 -0.47379740 -0.84470270 0.00000000
0.23618860 1.06180600 -0.10859560 1.00000000

-0.64554180 0.72159800 0.25014400 0.00000000
0.76371460 0.60825560 0.21625190 0.00000000
0.00389540 0.33063840 -0.94374960 0.00000000
-0.23079620 0.96337910 0.19203910 1.00000000

-0.61425750 0.75662000 0.22408460 0.00000000
0.74022800 0.65087850 -0.16858230 0.00000000
-0.27340470 0.06232065 -0.95987810 0.00000000
-0.22368440 0.99264740 0.24328160 1.00000000

-0.54553970 0.83056290 0.11203540 0.00000000
-0.08104661 -0.18533620 0.97932740 0.00000000
0.83415680 0.52518200 0.16842270 0.00000000
-0.15825960 1.03584100 0.17879520 1.00000000

-0.13440360 0.95422380 0.26719420 0.00000000
0.58648310 -0.14074190 0.79763980 0.00000000
0.79873210 0.26391040 -0.54072000 0.00000000
0.25953340 1.42523900 -0.01410825 1.00000000

0.23318850 0.97149330 0.04270916 0.00000000
0.47243500 -0.15156860 0.86823510 0.00000000
0.84995760 -0.18228500 -0.49431160 0.00000000
-0.10831860 1.40004000 0.25882700 1.00000000

0.00460440 0.21139700 0.97738950 0.00000000
-0.01148482 0.97734660 -0.21133350 0.00000000
-0.99992360 -0.01025199 0.00692809 0.00000000
0.02705575 1.86484900 -0.01262498 1.00000000

0.00460446 0.21139700 0.97738950 0.00000000
-0.01148482 0.97734660 -0.21133350 0.00000000
-0.99992360 -0.01025199 0.00692809 0.00000000
0.02703513 1.85491600 -0.03032581 1.00000000

-0.30288790 0.94652860 -0.11109760 0.00000000
-0.17920910 -0.17106150 -0.96882510 0.00000000
-0.93602490 -0.27353570 0.22143900 0.00000000
0.19584930 0.67292570 -0.20113100 1.00000000

-0.05725694 0.91445760 0.40061130 0.00000000
-0.51158520 -0.37145680 0.77479060 0.00000000
0.85732250 -0.16058470 0.48909160 0.00000000
0.30391730 1.11012800 -0.10234330 1.00000000

0.78521930 0.60931240 -0.11031320 0.00000000
0.56695350 -0.63581030 0.52374500 0.00000000
0.24898590 -0.47379740 -0.84470260 0.00000000
0.27179740 1.08943800 -0.11359820 1.00000000

0.12334500 0.91546930 0.38301730 0.00000000
-0.47016530 -0.28598580 0.83495930 0.00000000
0.87391670 -0.28306950 0.39514700 0.00000000
0.28925090 1.02770900 -0.15739950 1.00000000

0.32152940 0.93184070 0.16820330 0.00000000
0.94357740 -0.30043900 -0.13927570 0.00000000
-0.07924792 0.20349410 -0.97586380 0.00000000
-0.18532410 1.07922600 0.24472330 1.00000000

-0.48144550 0.54440410 0.68690210 0.00000000
0.26905850 -0.65407060 0.70696490 0.00000000
0.83415680 0.52518220 0.16842280 0.00000000
-0.18009250 1.06052900 0.20994520 1.00000000

0.22727930 0.91876520 0.32282310 0.00000000
0.97382170 -0.21575220 -0.07156819 0.00000000
0.00389534 0.33063830 -0.94374970 0.00000000
-0.22274320 0.99593280 0.20347730 1.00000000

-1.00000000 0.00000000 0.00000000 0.00000000
0.00000000 1.00000000 0.00000000 0.00000000
0.00000000 0.00000000 -1.00000000 0.00000000
0.00000000 0.00000000 0.00000000 1.00000000

0.16052110 0.96464370 -0.20903800 0.00000000
0.90961840 -0.06235796 0.41073840 0.00000000
0.38318100 -0.25607710 -0.88746700 0.00000000
0.15633620 1.75010100 0.24538450 1.00000000

-0.20091250 0.96173540 -0.18628030 0.00000000
0.89711700 0.10425830 -0.42931550 0.00000000
-0.39346650 -0.25337010 -0.88373560 0.00000000
-0.09572794 1.74759400 0.24703330 1.00000000

-0.00971499 0.85201570 -0.52342590 0.00000000
0.00016198 0.52345250 0.85205540 0.00000000
0.99995320 0.00819285 -0.00522327 0.00000000
0.02760163 1.87264200 0.25503140 1.00000000

0.00466704 0.98729100 0.15885710 0.00000000
-0.00098103 -0.15885380 0.98730170 0.00000000
0.99998900 -0.00476368 0.00022736 0.00000000
0.02925840 1.72734100 0.34429540 1.00000000

-0.02808324 0.78693840 -0.61639300 0.00000000
0.89852300 0.29008300 0.32940680 0.00000000
0.43802780 -0.54459240 -0.71522840 0.00000000
0.15243060 1.85954200 0.15966190 1.00000000

0.01014327 -0.97783340 0.20913960 0.00000000
-0.00583568 -0.20920490 -0.97785470 0.00000000
0.99993180 0.00869809 -0.00782833 0.00000000
0.02769504 1.79650800 0.08121848 1.00000000

-0.61778810 0.73187430 -0.28757410 0.00000000
0.78265200 0.60769490 -0.13477150 0.00000000
0.07612139 -0.30833070 -0.94822910 0.00000000
0.05389145 1.92666000 -0.04933788 1.00000000

0.00034544 0.93438280 -0.35627190 0.00000000
0.99744690 0.02512124 0.06685216 0.00000000
0.07141548 -0.35538550 -0.93198820 0.00000000
0.10014890 1.87186000 -0.02780544 1.00000000

0.86612300 0.35268870 -0.35417870 0.00000000
0.44473160 -0.86719780 0.22401480 0.00000000
-0.22813530 -0.35153880 -0.90795120 0.00000000
0.01218316 1.92059000 -0.05090418 1.00000000

0.11538870 0.80405540 -0.58325050 0.00000000
0.96925540 -0.21960530 -0.11098770 0.00000000
-0.21732510 -0.55251200 -0.80467460 0.00000000
-0.04920238 1.89559300 -0.02580216 1.00000000

-0.08500776 0.84762870 -0.52373680 0.00000000
0.97310690 -0.04231929 -0.22643550 0.00000000
-0.21409720 -0.52890070 -0.82123540 0.00000000
-0.05753583 1.83752400 0.01632037 1.00000000

0.20956130 0.67937630 -0.70322990 0.00000000
0.87021210 -0.45754810 -0.18270620 0.00000000
-0.44588770 -0.57367090 -0.68708570 0.00000000
-0.07278845 1.93387400 0.08354335 1.00000000

-0.00370857 0.79269010 -0.60961400 0.00000000
0.89760950 -0.26606850 -0.35143320 0.00000000
-0.44077650 -0.54849860 -0.71053930 0.00000000
-0.09624394 1.85783400 0.16225320 1.00000000

-0.00613260 0.66576220 -0.74613900 0.00000000
-0.00127824 0.74614730 0.66578020 0.00000000
0.99998070 0.00503668 -0.00372481 0.00000000
0.02671866 1.96849800 0.14760040 1.00000000

-0.23795480 0.67955060 -0.69396630 0.00000000
0.86528090 0.47287890 0.16635880 0.00000000
0.44121130 -0.56088970 -0.70052580 0.00000000
0.12579730 1.93560100 0.08198892 1.00000000

-0.05642137 -0.97816240 -0.20003790 0.00000000
-0.60754100 0.19262920 -0.77057650 0.00000000
0.79228180 0.07805409 -0.60514190 0.00000000
0.01656364 1.41350400 0.02713964 1.00000000

0.04680650 -0.99759410 0.05114367 0.00000000
-0.61002890 -0.06909046 -0.78936150 0.00000000
0.79099570 0.00574798 -0.61179490 0.00000000
0.03329687 1.71299700 0.08767650 1.00000000

0.00618380 0.20920870 0.97785160 0.00000000
-0.00980081 0.97783610 -0.20914330 0.00000000
-0.99993320 -0.00829037 0.00809711 0.00000000
0.03405703 1.78307700 -0.00637314 1.00000000

0.00583255 0.20920590 0.97785440 0.00000000
-0.01014003 0.97783320 -0.20914070 0.00000000
-0.99993190 -0.00869553 0.00782445 0.00000000
0.02020069 1.78295600 -0.00626462 1.00000000

-0.16339040 -0.95811730 -0.23519240 0.00000000
-0.50027820 0.28593670 -0.81728950 0.00000000
0.85030910 -0.01587579 -0.52604440 0.00000000
0.00005538 1.17026700 0.00031031 1.00000000

-0.10404100 -0.98276070 -0.15283130 0.00000000
-0.47551300 0.18411620 -0.86022590 0.00000000
0.87353470 -0.01682560 -0.48647110 0.00000000
0.00482812 1.25696700 0.00974631 1.00000000

-0.04982983 -0.99592990 -0.07510672 0.00000000
-0.49781440 0.08995941 -0.86260550 0.00000000
0.86585090 -0.00559439 -0.50027080 0.00000000
0.01193701 1.32377300 0.02019834 1.00000000

0.66700530 -0.01882357 -0.74481570 0.00000000
0.04304081 0.99898520 0.01329723 0.00000000
0.74380930 -0.04092684 0.66713860 0.00000000
0.30786550 0.99163080 -0.12427180 1.00000000

-0.95621080 -0.08873252 0.27890420 0.00000000
-0.06705396 0.99400670 0.08634826 0.00000000
-0.28489450 0.06386527 -0.95642920 0.00000000
-0.19702980 0.96017220 0.23523080 1.00000000

-0.00020610 0.68193440 0.73141410 0.00000000
-0.01169965 0.73136220 -0.68188910 0.00000000
-0.99993180 -0.00869775 0.00782761 0.00000000
0.02737067 1.81650300 0.06195934 1.00000000

0.00583246 0.20920560 0.97785470 0.00000000
-0.01014008 0.97783360 -0.20914020 0.00000000
-0.99993220 -0.00869566 0.00782445 0.00000000
0.05534434 1.78006900 0.00761403 1.00000000

0.00583246 0.20920560 0.97785470 0.00000000
-0.01014008 0.97783360 -0.20914020 0.00000000
-0.99993220 -0.00869566 0.00782445 0.00000000
-0.00081654 1.77958100 0.00805372 1.00000000

-0.07855803 0.94592980 -0.31471520 0.00000000
-0.98754910 -0.11700020 -0.10515570 0.00000000
-0.13629170 0.30253620 0.94334330 0.00000000
-0.04940066 1.10493800 0.23428300 1.00000000

-0.06656799 0.92125610 -0.38321900 0.00000000
-0.98774840 -0.11517530 -0.10530150 0.00000000
-0.14114690 0.37151440 0.91763580 0.00000000
-0.03721232 0.95817770 0.28311090 1.00000000

-0.00089291 0.82566600 -0.56415890 0.00000000
-0.98920830 -0.08338702 -0.12047420 0.00000000
-0.14651510 0.55796320 0.81682990 0.00000000
-0.02852063 0.83787180 0.33315490 1.00000000

0.09482539 0.62489970 -0.77492510 0.00000000
-0.98661680 -0.04473263 -0.15680180 0.00000000
-0.13264990 0.77942310 0.61229470 0.00000000
-0.02836124 0.69035610 0.43394890 1.00000000

0.00621632 0.17165490 0.98513810 0.00000000
0.00991267 -0.98511930 0.17158890 0.00000000
0.99993190 0.00869859 -0.00782532 0.00000000
0.06332213 1.84749900 -0.01048627 1.00000000

-0.00236554 0.80532600 0.59282800 0.00000000
-0.01145810 0.59276880 -0.80529140 0.00000000
-0.99993180 -0.00869757 0.00782535 0.00000000
0.06332106 1.84754900 -0.01056428 1.00000000

-0.42105110 0.87668460 -0.23268290 0.00000000
-0.35481930 0.07689159 0.93176790 0.00000000
0.83475710 0.47488230 0.27868910 0.00000000
0.30307310 0.96398570 0.09032207 1.00000000

-0.40199150 0.86444040 -0.30190490 0.00000000
-0.38469000 0.13976350 0.91240360 0.00000000
0.83091310 0.48291830 0.27635780 0.00000000
0.35805820 0.84950040 0.12070660 1.00000000

-0.39928140 0.89709480 -0.18919880 0.00000000
-0.34093650 0.04628072 0.93894670 0.00000000
0.85107980 0.43940870 0.28737320 0.00000000
0.24112490 1.10316900 0.06096804 1.00000000

-0.33800010 0.86880950 -0.36183790 0.00000000
-0.41683140 0.20650770 0.88521580 0.00000000
0.84380540 0.45002820 0.29234720 0.00000000
0.42987890 0.69505730 0.17464570 1.00000000

0.00621930 0.17165290 0.98513810 0.00000000
0.00991319 -0.98511940 0.17158690 0.00000000
0.99993170 0.00869863 -0.00782827 0.00000000
-0.01024860 1.84685900 -0.00991040 1.00000000

-0.00236440 0.80532530 0.59282970 0.00000000
-0.01146048 0.59277040 -0.80529020 0.00000000
-0.99993180 -0.00869809 0.00782782 0.00000000
-0.01024965 1.84691000 -0.00998840 1.00000000

-0.18789250 0.98209400 -0.01371125 0.00000000
-0.11108920 -0.03511963 -0.99318980 0.00000000
-0.97588720 -0.18508980 0.11569870 0.00000000
0.34293150 0.21313270 -0.14717080 1.00000000

0.06040987 0.99434630 -0.08732959 0.00000000
-0.77823850 -0.00786735 -0.62791980 0.00000000
-0.62505650 0.10589600 0.77336300 0.00000000
-0.26122780 0.21106590 0.26376720 1.00000000

-0.33505460 0.93793130 0.08957434 0.00000000
0.74296540 0.20454330 0.63731040 0.00000000
0.57943140 0.28008430 -0.76538350 0.00000000
0.11479080 1.44907500 -0.06787378 1.00000000

-0.33722390 0.93650800 0.09609044 0.00000000
0.74395510 0.20255040 0.63679220 0.00000000
0.57689750 0.28622840 -0.76502440 0.00000000
0.18905920 1.24117300 -0.08772888 1.00000000

-0.13953800 0.97775860 -0.15658070 0.00000000
-0.47787240 0.07200249 0.87547380 0.00000000
0.86727580 0.19698750 0.45719670 0.00000000
