MeshAnim
1
20
88
30
-0.57395110 0.76554300 0.29073120 0.00000000
-0.47320840 -0.02030803 -0.88071710 0.00000000
-0.66832200 -0.64306460 0.37391720 0.00000000
-0.08793955 1.70907000 0.48013850 1.00000000

-0.16672720 0.76371550 0.62365260 0.00000000
-0.97843920 -0.20634540 -0.00888856 0.00000000
0.12189920 -0.61168740 0.78165220 0.00000000
0.14714350 1.68655700 0.46433820 1.00000000

-0.48536810 0.23266080 0.84278550 0.00000000
0.08606887 0.97197630 -0.21875770 0.00000000
-0.87006330 -0.03364042 -0.49179110 0.00000000
-0.05454070 1.76464300 0.49799530 1.00000000

-0.19337620 0.96361030 0.18455690 0.00000000
0.33066600 0.24111200 -0.91242820 0.00000000
-0.92372380 -0.11541530 -0.36525870 0.00000000
0.02823298 1.72496500 0.35426830 1.00000000

-0.61822690 0.08391207 0.78150830 0.00000000
-0.65893550 0.48669990 -0.57352210 0.00000000
-0.42848510 -0.86953020 -0.24559830 0.00000000
-0.17391750 1.72074000 0.58882450 1.00000000

-0.17848450 -0.82797650 -0.53160030 0.00000000
0.05587775 -0.54793320 0.83465430 0.00000000
-0.98235480 0.11926810 0.14406280 0.00000000
-0.11541950 1.56409100 0.63766750 1.00000000

0.74168270 0.51930930 0.42453040 0.00000000
-0.67020640 0.59926780 0.43783780 0.00000000
-0.02703407 -0.60925950 0.79251060 0.00000000
-0.11012330 1.64028300 0.80748270 1.00000000

0.16358890 0.74634480 0.64514300 0.00000000
-0.98581180 0.14860150 0.07805943 0.00000000
-0.03760983 -0.64875890 0.76006470 0.00000000
-0.16565740 1.60140000 0.77569550 1.00000000

-0.76762320 0.29116110 0.57094660 0.00000000
-0.58899550 -0.67168940 -0.44935390 0.00000000
0.25266440 -0.68121920 0.68709690 0.00000000
-0.06986934 1.62934300 0.80125370 1.00000000

0.04829316 0.56502310 0.82366130 0.00000000
-0.97827580 -0.13968780 0.15318250 0.00000000
0.20160690 -0.81316500 0.54600230 0.00000000
-0.01546486 1.60870800 0.76078860 1.00000000

0.24941160 0.59978560 0.76029760 0.00000000
-0.94692150 -0.01338085 0.32118790 0.00000000
0.20281710 -0.80004960 0.56461240 0.00000000
-0.01895266 1.56790100 0.70130340 1.00000000

-0.53605720 -0.11151120 0.83678500 0.00000000
-0.70505480 -0.48599860 -0.51643400 0.00000000
0.46426410 -0.86681690 0.18190160 0.00000000
0.00449741 1.68057300 0.66965630 1.00000000

-0.59428190 0.04672156 0.80289940 0.00000000
-0.71122870 -0.49660460 -0.49753240 0.00000000
0.37547750 -0.86671910 0.32835290 0.00000000
0.06449626 1.69305400 0.57599840 1.00000000

-0.27069760 -0.12162140 0.95495110 0.00000000
-0.02222478 0.99251270 0.12010510 0.00000000
-0.96240790 0.01128855 -0.27137390 0.00000000
-0.09351598 1.74713000 0.63548990 1.00000000

-0.14902750 -0.14723900 0.97781010 0.00000000
-0.87058930 0.48844370 -0.05913607 0.00000000
-0.46889780 -0.86008380 -0.20097620 0.00000000
-0.19059760 1.70426000 0.69826670 1.00000000

0.34943110 -0.62611360 -0.69705120 0.00000000
-0.32029420 -0.77895180 0.53911620 0.00000000
-0.88051700 0.03487734 -0.47273040 0.00000000
0.00279166 1.34990800 0.34398370 1.00000000

0.12806600 -0.30840370 -0.94259580 0.00000000
-0.09048593 -0.95009130 0.29856210 0.00000000
-0.98762910 0.04705577 -0.14958070 0.00000000
-0.10442600 1.54082300 0.55776140 1.00000000

-0.05588010 0.54793410 -0.83465340 0.00000000
0.17848730 0.82797570 0.53160060 0.00000000
0.98235420 -0.11926890 -0.14406660 0.00000000
-0.11637270 1.52070600 0.71519210 1.00000000

-0.05539460 0.54787520 -0.83472450 0.00000000
0.17896090 0.82791800 0.53153140 0.00000000
0.98229580 -0.11993900 -0.14391020 0.00000000
-0.10275990 1.51905300 0.71319570 1.00000000

-0.25216640 -0.89152780 -0.37628550 0.00000000
0.57064870 -0.45104460 0.68623540 0.00000000
-0.78151930 -0.04168131 0.62248750 0.00000000
-0.05336572 1.16255700 0.19791190 1.00000000

-0.24521390 -0.77266860 -0.58553740 0.00000000
-0.09800996 -0.58112500 0.80789110 0.00000000
-0.96450210 0.25549440 0.06677083 0.00000000
-0.02309536 1.22720900 0.24824200 1.00000000

-0.10139520 -0.77604200 -0.62247780 0.00000000
-0.07546216 -0.61790010 0.78262710 0.00000000
-0.99198010 0.12632800 0.00409034 0.00000000
-0.00641932 1.27978300 0.28799310 1.00000000

-0.41762730 -0.32748790 0.84754950 0.00000000
-0.62569150 0.78004040 -0.00690476 0.00000000
-0.65886100 -0.53318800 -0.53067240 0.00000000
-0.31142800 1.09811600 0.59020860 1.00000000

-0.38509630 -0.19546480 0.90193970 0.00000000
-0.17764560 0.97473650 0.13539270 0.00000000
-0.90561750 -0.10808660 -0.41009050 0.00000000
0.22649750 0.97014430 0.27829310 1.00000000

0.04436874 0.89544580 -0.44295530 0.00000000
0.18216450 0.42870690 0.88488860 0.00000000
0.98226710 -0.11995200 -0.14409710 0.00000000
-0.11039190 1.57558800 0.66243290 1.00000000

-0.05553514 0.54789220 -0.83470440 0.00000000
0.17882050 0.82793550 0.53155150 0.00000000
0.98231350 -0.11974220 -0.14395360 0.00000000
-0.13897130 1.52541000 0.70401130 1.00000000

-0.05553514 0.54789220 -0.83470440 0.00000000
0.17882050 0.82793550 0.53155150 0.00000000
0.98231350 -0.11974220 -0.14395360 0.00000000
-0.08379769 1.51871100 0.69591990 1.00000000

0.01638423 0.60880920 0.79314800 0.00000000
0.66647910 -0.59797610 0.44523040 0.00000000
0.74534400 0.52132200 -0.41555590 0.00000000
0.21641120 1.32179600 0.00970935 1.00000000

0.10163680 0.56879840 0.81617350 0.00000000
0.68198080 -0.63714020 0.35910250 0.00000000
0.72427370 0.52011670 -0.45266620 0.00000000
0.21386920 1.22734000 -0.11334680 1.00000000

-0.29598920 0.23920220 0.92475570 0.00000000
0.71562830 -0.58570770 0.38055550 0.00000000
0.63266620 0.77442170 0.00218341 0.00000000
0.20059760 1.15306000 -0.21992960 1.00000000

-0.71289560 -0.21398620 0.66782460 0.00000000
0.67079790 -0.48575250 0.56042350 0.00000000
0.20447450 0.84749900 0.48983270 0.00000000
0.25347990 1.11032300 -0.38514930 1.00000000

-0.03787595 0.62744210 -0.77774240 0.00000000
-0.18315050 -0.76947530 -0.61185340 0.00000000
-0.98235530 0.11926920 0.14406070 0.00000000
-0.13489530 1.58216500 0.74524580 1.00000000

0.07662226 0.95931790 -0.27173300 0.00000000
0.17060930 0.25590010 0.95152970 0.00000000
0.98235520 -0.11926840 -0.14406080 0.00000000
-0.13488000 1.58218400 0.74533550 1.00000000

0.41171800 -0.27354560 0.86928760 0.00000000
0.90035090 0.26959420 -0.34159540 0.00000000
-0.14091270 0.92330500 0.35728420 0.00000000
-0.29809670 1.21422500 -0.06877357 1.00000000

0.18635800 -0.43145740 0.88267490 0.00000000
0.96576510 0.24547210 -0.08391259 0.00000000
-0.18046710 0.86809460 0.46243280 0.00000000
-0.35186370 1.24994700 -0.18229250 1.00000000

0.53416540 0.25501460 0.80599960 0.00000000
0.77303280 0.23856580 -0.58779840 0.00000000
-0.34218070 0.93704560 -0.06970078 0.00000000
-0.21522140 1.25379000 0.05627640 1.00000000

-0.03474189 -0.14278390 0.98914400 0.00000000
0.93051950 0.35644730 0.08413620 0.00000000
-0.36459070 0.92334100 0.12048020 0.00000000
-0.38515900 1.32703200 -0.33999400 1.00000000

-0.03787813 0.62744100 -0.77774300 0.00000000
-0.18315150 -0.76947630 -0.61185210 0.00000000
-0.98235490 0.11926880 0.14406290 0.00000000
-0.06261788 1.57339000 0.73464660 1.00000000

0.07705818 0.95926420 -0.27179970 0.00000000
0.17080850 0.25587850 0.95149960 0.00000000
0.98228670 -0.11974640 -0.14413290 0.00000000
-0.06260246 1.57340800 0.73473620 1.00000000

0.00274597 0.99999340 0.00250438 0.00000000
-0.04668818 -0.00237367 0.99890700 0.00000000
0.99890590 -0.00285983 0.04668114 0.00000000
-0.09706392 0.22089350 0.14179440 1.00000000

0.23942850 -0.85205750 0.46548130 0.00000000
-0.19484050 -0.51183910 -0.83669530 0.00000000
0.95116310 0.10963410 -0.28856410 0.00000000
0.00008160 1.01634800 -0.16703820 1.00000000

0.49974880 0.63973860 0.58394070 0.00000000
-0.45158430 0.76772550 -0.45460900 0.00000000
-0.73913670 -0.03650806 0.67256570 0.00000000
-0.12798990 1.36992800 0.39349460 1.00000000

0.46856450 0.71170440 0.52337840 0.00000000
-0.50117110 0.70202610 -0.50595150 0.00000000
-0.72751300 -0.02523112 0.68563030 0.00000000
-0.23876430 1.22812300 0.26405830 1.00000000

0.20576530 0.40135680 0.89251000 0.00000000
0.91617020 0.24153140 -0.31983550 0.00000000
-0.34393700 0.88350210 -0.31801210 0.00000000
-0.06838223 1.42129400 0.28514880 1.00000000

0.22967200 0.50011850 0.83494490 0.00000000
0.90117240 0.21475290 -0.37652300 0.00000000
-0.36761270 0.83890600 -0.40137000 0.00000000
-0.10186420 1.35598600 0.13992040 1.00000000

0.31063370 0.58879120 0.74621210 0.00000000
0.79035720 0.27613100 -0.54688910 0.00000000
-0.52805520 0.75965600 -0.37957940 0.00000000
-0.12671400 1.38281000 0.22032060 1.00000000

0.46756310 0.54528090 0.69574010 0.00000000
0.73338320 0.20011050 -0.64969600 0.00000000
-0.49349130 0.81401790 -0.30633530 0.00000000
-0.16209830 1.31574400 0.13532440 1.00000000

-0.14602620 0.40594520 0.90215610 0.00000000
0.80898050 -0.47588860 0.34508100 0.00000000
0.56940960 0.78021750 -0.25890930 0.00000000
0.09577459 1.40038800 0.28447200 1.00000000

-0.10223100 0.52467960 0.84513960 0.00000000
0.80654510 -0.45357450 0.37915070 0.00000000
0.58226640 0.72040410 -0.37680820 0.00000000
0.11953600 1.33433300 0.13767400 1.00000000

-0.35242460 0.38926630 0.85104030 0.00000000
-0.10833410 -0.92024190 0.37605680 0.00000000
0.92954870 0.04033529 0.36648670 0.00000000
0.13471130 1.33647300 0.39241230 1.00000000

-0.36653520 0.45168740 0.81340720 0.00000000
-0.13003460 -0.89054020 0.43592370 0.00000000
0.92127280 0.05401056 0.38514930 0.00000000
0.21282990 1.25018800 0.20377080 1.00000000

-0.36113290 -0.04057531 0.93163140 0.00000000
0.74253560 -0.61687740 0.26096580 0.00000000
0.56411380 0.78601310 0.25290340 0.00000000
0.14601490 1.35098000 0.22027680 1.00000000

-0.25753310 0.29753220 0.91932120 0.00000000
0.67144790 -0.62907500 0.39169140 0.00000000
0.69486300 0.71815030 -0.03776975 0.00000000
0.18715110 1.35560000 0.11415990 1.00000000

0.03750063 0.66876350 -0.74252940 0.00000000
-0.19810010 -0.72333000 -0.66147640 0.00000000
-0.97946420 0.17190080 0.10535660 0.00000000
-0.13215740 1.58185600 0.74487530 1.00000000

-0.06372556 0.68167540 -0.72887500 0.00000000
0.16593380 0.72743020 0.66581670 0.00000000
0.98407580 -0.07851524 -0.15946870 0.00000000
-0.06534174 1.57374400 0.73507690 1.00000000

0.23659760 0.45331640 0.85937550 0.00000000
0.89726700 0.23737450 -0.37224360 0.00000000
-0.37273750 0.85916130 -0.35058340 0.00000000
-0.16632710 1.21561500 -0.09442759 1.00000000

0.02933515 0.68175130 0.73099600 0.00000000
0.81984060 -0.43478300 0.37259270 0.00000000
0.57184030 0.58837020 -0.57168190 0.00000000
0.14822960 1.18706900 -0.09953541 1.00000000

0.35587780 0.81900700 0.45008840 0.00000000
-0.57472390 0.57157900 -0.58565330 0.00000000
-0.73691490 -0.05025548 0.67411510 0.00000000
-0.37557940 1.02031400 0.11123790 1.00000000

0.20822810 0.14388120 0.96743980 0.00000000
0.90354320 0.35043090 -0.24659270 0.00000000
-0.37450050 0.92547110 -0.05703324 0.00000000
-0.20918380 1.13350200 -0.25009310 1.00000000

0.30483410 0.80826890 0.50376450 0.00000000
-0.55495930 0.58060730 -0.59574740 0.00000000
-0.77401320 -0.09796473 0.62554540 0.00000000
-0.45208030 0.84425710 0.01448517 1.00000000

0.08891216 0.65720720 0.74844780 0.00000000
0.85787890 -0.43233720 0.27772040 0.00000000
0.50610170 0.61738500 -0.60224420 0.00000000
0.14291560 1.06357800 -0.23194670 1.00000000

0.99175110 -0.02525518 0.12566810 0.00000000
0.10020530 0.76412460 -0.63723840 0.00000000
-0.07993222 0.64457460 0.76035210 0.00000000
-0.12579430 1.51188900 0.46772220 1.00000000

0.19527730 0.52376120 0.82918120 0.00000000
0.18539570 0.81050090 -0.55562320 0.00000000
-0.96306560 0.26222680 0.06116918 0.00000000
-0.24751400 1.51498900 0.45229860 1.00000000

-0.92335500 -0.06909590 -0.37767930 0.00000000
0.18859490 0.77520480 -0.60290160 0.00000000
0.33443640 -0.62792040 -0.70275800 0.00000000
-0.01946902 1.50767700 0.52480610 1.00000000

-0.51503250 0.62405680 0.58761810 0.00000000
0.69453540 0.70558730 -0.14059830 0.00000000
-0.50235680 0.33570860 -0.79682970 0.00000000
0.09385619 1.51615800 0.57115950 1.00000000

-0.24877600 0.60241840 0.75842170 0.00000000
-0.15998200 -0.79784160 0.58125300 0.00000000
0.95525730 0.02326825 0.29485990 0.00000000
0.31985350 1.11830100 -0.03373431 1.00000000

-0.04024691 0.70416120 0.70889900 0.00000000
-0.09153080 -0.70908880 0.69915350 0.00000000
0.99498900 -0.03674715 0.09299111 0.00000000
0.37333140 0.98880280 -0.19676750 1.00000000

-0.00623056 0.97400390 -0.22644730 0.00000000
-0.09032728 0.22497770 0.97016810 0.00000000
0.99589290 0.02649917 0.08657724 0.00000000
-0.13235610 1.15834400 0.26082860 1.00000000

-0.11315530 0.99351010 0.01157290 0.00000000
0.14020010 0.00443470 0.99011360 0.00000000
0.98363610 0.11365910 -0.13979210 0.00000000
0.02562468 1.16677000 0.13499530 1.00000000

0.17592560 -0.77328980 0.60915830 0.00000000
-0.03886329 -0.62378290 -0.78063130 0.00000000
0.98363610 0.11365910 -0.13979210 0.00000000
0.08553952 0.64071400 0.12886750 1.00000000

-0.52444650 0.73240440 0.43421130 0.00000000
-0.19864910 0.39064580 -0.89885190 0.00000000
-0.82794580 -0.55765560 -0.05938157 0.00000000
-0.29017770 1.12163600 0.62676700 1.00000000

-0.66559060 0.74191540 0.08093802 0.00000000
0.35055860 0.40653730 -0.84370430 0.00000000
-0.65886120 -0.53318810 -0.53067230 0.00000000
-0.33943980 1.12934000 0.59361500 1.00000000

-0.48979680 0.86990890 0.05794176 0.00000000
-0.86921700 -0.49239440 0.04483630 0.00000000
0.06753384 -0.02840317 0.99731310 0.00000000
-0.25984740 1.14953500 0.52624180 1.00000000

-0.33958870 0.63410230 0.69469030 0.00000000
0.60804760 0.71149710 -0.35220830 0.00000000
-0.71760580 0.30279860 -0.62718060 0.00000000
0.18170530 0.95415170 0.26939560 1.00000000

-0.42228970 0.31897020 0.84848710 0.00000000
0.03909676 0.94158150 -0.33450890 0.00000000
-0.90561750 -0.10808670 -0.41009050 0.00000000
0.20872510 0.98356840 0.31400220 1.00000000

-0.31594740 0.27172390 0.90903470 0.00000000
0.77697600 -0.47576200 0.41226090 0.00000000
0.54450540 0.83655070 -0.06080708 0.00000000
0.20584240 1.05426700 0.23478540 1.00000000

0.13598310 0.66971690 -0.73006050 0.00000000
-0.23240780 -0.69477820 -0.68063990 0.00000000
-0.96306560 0.26222690 0.06116921 0.00000000
-0.28973170 1.40175500 0.27303500 1.00000000

-0.01702467 0.91753330 0.39729510 0.00000000
0.86449280 0.21314990 -0.45521410 0.00000000
-0.50235700 0.33570870 -0.79682950 0.00000000
0.20520280 1.38124100 0.44412030 1.00000000

-0.05539772 0.54787550 -0.83472420 0.00000000
0.17896390 0.82791770 0.53153090 0.00000000
0.98229490 -0.11993970 -0.14391450 0.00000000
-0.09553526 1.59266700 0.74960160 1.00000000

-0.05539772 0.54787550 -0.83472420 0.00000000
0.17896390 0.82791770 0.53153090 0.00000000
0.98229490 -0.11993970 -0.14391450 0.00000000
-0.09551829 1.57708600 0.76261740 1.00000000

-0.06586184 0.86816850 0.49188020 0.00000000
-0.06212938 -0.49556220 0.86634790 0.00000000
0.99589290 0.02649918 0.08657724 0.00000000
-0.12905700 0.64261630 0.38073080 1.00000000

-0.12323470 0.55424370 -0.82318120 0.00000000
0.50557050 -0.67872260 -0.53266730 0.00000000
-0.85393910 -0.48181920 -0.19656740 0.00000000
-0.33463700 1.18059600 0.51412150 1.00000000

-0.85925900 0.50636180 0.07260636 0.00000000
-0.50706350 -0.86185360 0.00979026 0.00000000
0.06753340 -0.02840343 0.99731300 0.00000000
-0.29881350 1.17249800 0.52953440 1.00000000

-0.35058080 0.59731360 -0.72132500 0.00000000
0.43772020 -0.57639990 -0.69004670 0.00000000
-0.82794590 -0.55765580 -0.05938176 0.00000000
-0.30259940 1.14280000 0.60120900 1.00000000

0.05564145 0.98555230 0.15997240 0.00000000
0.66872690 0.08219046 -0.73895180 0.00000000
-0.74142350 0.14809400 -0.65449190 0.00000000
0.21082480 1.07824600 0.31292240 1.00000000

-0.17546130 0.18449880 0.96704390 0.00000000
0.82019980 -0.51589100 0.24724270 0.00000000
0.54450550 0.83655100 -0.06080714 0.00000000
0.19788550 1.06263400 0.27863960 1.00000000

0.03487871 0.91503460 0.40186570 0.00000000
0.69557580 0.26650580 -0.66719520 0.00000000
-0.71760570 0.30279870 -0.62718050 0.00000000
0.18294100 0.98657320 0.28363450 1.00000000

1.00000000 0.00000000 0.00000000 0.00000000
0.00000000 1.00000000 0.00000000 0.00000000
0.00000000 0.00000000 1.00000000 0.00000000
0.00000000 0.00000000 0.00000000 1.00000000

-0.72038750 0.56068380 0.40825980 0.00000000
-0.44656660 0.07542520 -0.89156620 0.00000000
-0.53067960 -0.82458790 0.19604720 0.00000000
-0.11650770 1.68677400 0.48166220 1.00000000

-0.38028310 0.56790940 0.72997580 0.00000000
-0.91053720 -0.36830600 -0.18781070 0.00000000
0.16219520 -0.73609110 0.65716290 0.00000000
0.11666490 1.65598800 0.46785850 1.00000000

-0.46585010 0.11671360 0.87713300 0.00000000
-0.00944126 0.99055110 -0.13681950 0.00000000
-0.88481370 -0.07201868 -0.46034650 0.00000000
-0.07605349 1.71653100 0.50741370 1.00000000

-0.37753500 0.86256130 0.33683170 0.00000000
0.31847180 0.46250950 -0.82744270 0.00000000
-0.86950770 -0.20511720 -0.44931490 0.00000000
0.00339164 1.69662700 0.35782920 1.00000000

-0.55616520 -0.03949293 0.83013340 0.00000000
-0.74412480 0.46846560 -0.47625530 0.00000000
-0.37008000 -0.88259900 -0.28993200 0.00000000
-0.19385460 1.68128200 0.59711060 1.00000000

-0.10348290 -0.85154060 -0.51397480 0.00000000
0.07970459 -0.52218690 0.84909870 0.00000000
-0.99143270 0.04690110 0.12190910 0.00000000
-0.11177990 1.55824400 0.65266610 1.00000000

0.68818470 0.39497710 0.60860170 0.00000000
-0.70173370 0.57545150 0.42003190 0.00000000
-0.18431760 -0.71613530 0.67318520 0.00000000
-0.11592470 1.63860300 0.82058200 1.00000000

0.15740560 0.65686520 0.73739570 0.00000000
-0.98321940 0.17397190 0.05490722 0.00000000
-0.09221944 -0.73366400 0.67322640 0.00000000
-0.16745310 1.60902900 0.77501240 1.00000000

-0.79760350 0.24959350 0.54911950 0.00000000
-0.52952550 -0.72568950 -0.43929240 0.00000000
0.28884580 -0.64115380 0.71097840 0.00000000
-0.07483033 1.63064000 0.81541330 1.00000000

-0.12123310 0.58391770 0.80270960 0.00000000
-0.98076310 -0.19510410 -0.00619917 0.00000000
0.15299230 -0.78801970 0.59633830 0.00000000
-0.01830114 1.61295000 0.77649500 1.00000000

0.04975149 0.67570840 0.73548820 0.00000000
-0.99660730 -0.01475582 0.08097128 0.00000000
0.06556588 -0.73702150 0.67268220 0.00000000
-0.00954559 1.57077900 0.71852270 1.00000000

-0.38558280 0.25453590 0.88687010 0.00000000
-0.81271320 -0.54876510 -0.19584350 0.00000000
0.43683410 -0.79628450 0.41845880 0.00000000
-0.00180073 1.68430600 0.68403810 1.00000000

-0.54151400 -0.00122656 0.84069160 0.00000000
-0.70584060 -0.54254950 -0.45544430 0.00000000
0.45667540 -0.84002350 0.29293220 0.00000000
0.04135615 1.65581700 0.58477450 1.00000000

-0.19307950 0.17913310 0.96469300 0.00000000
0.01617682 0.98364090 -0.17941380 0.00000000
-0.98105010 -0.01903547 -0.19281870 0.00000000
-0.10385330 1.74232200 0.64631140 1.00000000

-0.04327779 0.11024240 0.99296270 0.00000000
-0.85627970 0.50794060 -0.09371407 0.00000000
-0.51469710 -0.85430880 0.07241582 0.00000000
-0.19869860 1.69362100 0.70824890 1.00000000

0.29339190 -0.65000980 -0.70100560 0.00000000
-0.21265100 -0.75927790 0.61504200 0.00000000
-0.93204130 -0.03137887 -0.36099120 0.00000000
-0.01490500 1.33382700 0.35814540 1.00000000

0.08167172 -0.34267180 -0.93589870 0.00000000
-0.01771345 -0.93938630 0.34240270 0.00000000
-0.99650200 -0.01138657 -0.08279117 0.00000000
-0.10487880 1.53207100 0.57320170 1.00000000

-0.07824983 0.52055560 -0.85023500 0.00000000
0.10416380 0.85245110 0.51232610 0.00000000
0.99147750 -0.04847430 -0.12092710 0.00000000
-0.11107320 1.51675500 0.73122390 1.00000000

-0.08142863 0.52301660 -0.84842430 0.00000000
0.10254500 0.85113000 0.51484290 0.00000000
0.99139050 -0.04507877 -0.12293900 0.00000000
-0.09733463 1.51610500 0.72953470 1.00000000

-0.17945160 -0.86961380 -0.45996640 0.00000000
0.27875360 -0.49334170 0.82396010 0.00000000
-0.94344750 0.01964372 0.33093910 0.00000000
-0.05776628 1.13757900 0.21789150 1.00000000

-0.20021350 -0.80475280 -0.55882700 0.00000000
-0.16244680 -0.53521420 0.82894910 0.00000000
-0.96619120 0.25674650 -0.02357225 0.00000000
-0.03701909 1.20535400 0.26893130 1.00000000

-0.09376922 -0.81597880 -0.57042650 0.00000000
-0.04323517 -0.56907290 0.82114950 0.00000000
-0.99465470 0.10166110 0.01808256 0.00000000
-0.02340463 1.26010600 0.30686370 1.00000000

-0.52771070 -0.07707494 0.84592030 0.00000000
-0.66141990 0.66213290 -0.35228460 0.00000000
-0.53295930 -0.74541250 -0.40039330 0.00000000
-0.23852660 1.11209700 0.71630900 1.00000000

-0.42096870 -0.55200570 0.71977400 0.00000000
-0.35334820 0.83062450 0.43035830 0.00000000
-0.83542230 -0.07316349 -0.54471730 0.00000000
0.29952730 1.06412600 0.17780680 1.00000000

-0.01524013 0.88540100 -0.46457860 0.00000000
0.12972680 0.46245640 0.87710090 0.00000000
0.99143290 -0.04690114 -0.12190800 0.00000000
-0.10817200 1.57067400 0.67722740 1.00000000

-0.07806757 0.51887070 -0.85128100 0.00000000
0.10731210 0.85329910 0.51026000 0.00000000
0.99115620 -0.05151800 -0.12229610 0.00000000
-0.13372150 1.51944600 0.71949170 1.00000000

-0.07983994 0.52259780 -0.84883290 0.00000000
0.10143340 0.85139050 0.51463180 0.00000000
0.99163390 -0.04501187 -0.12098390 0.00000000
-0.07800046 1.51683600 0.71267180 1.00000000

-0.06143642 0.47929300 0.87550230 0.00000000
0.66856440 -0.63154290 0.39265250 0.00000000
0.74111250 0.60945240 -0.28163830 0.00000000
0.21789840 1.34643500 0.01934192 1.00000000

0.15485500 0.63891910 0.75352690 0.00000000
0.67423270 -0.62583890 0.39209220 0.00000000
0.72210150 0.44733480 -0.52769420 0.00000000
0.22743010 1.27207300 -0.11649140 1.00000000

-0.08697087 0.42544290 0.90079670 0.00000000
0.69785840 -0.61927130 0.35985680 0.00000000
0.71093600 0.65992560 -0.24304000 0.00000000
0.20720870 1.18863700 -0.21489300 1.00000000

-0.58166270 -0.07388096 0.81006840 0.00000000
0.70835830 -0.53556220 0.45978530 0.00000000
0.39987220 0.84125800 0.36385060 0.00000000
0.22274720 1.11262600 -0.37583210 1.00000000

-0.06906736 0.60391310 -0.79405250 0.00000000
-0.11086380 -0.79566910 -0.59549980 0.00000000
-0.99143320 0.04690211 0.12190690 0.00000000
-0.13486310 1.57730300 0.75935720 1.00000000

0.00911129 0.95586900 -0.29365210 0.00000000
0.13029960 0.29002560 0.94810730 0.00000000
0.99143330 -0.04690120 -0.12190680 0.00000000
-0.13485110 1.57732500 0.75944670 1.00000000

0.50897590 -0.12844440 0.85114380 0.00000000
0.84731620 0.24896990 -0.46911510 0.00000000
-0.15165370 0.95995630 0.23555300 0.00000000
-0.29137080 1.20157400 -0.07088934 1.00000000

0.23654360 -0.44906560 0.86161890 0.00000000
0.96440500 0.21638890 -0.15198210 0.00000000
-0.11819460 0.86690040 0.48426670 0.00000000
-0.35783860 1.21834700 -0.18203880 1.00000000

0.55995830 0.44261330 0.70038630 0.00000000
0.71047150 0.17837270 -0.68074480 0.00000000
-0.42623640 0.87879320 -0.21458250 0.00000000
-0.20449380 1.27024500 0.03777494 1.00000000

-0.02163413 -0.31495560 0.94885980 0.00000000
0.95669880 0.26903740 0.11111480 0.00000000
-0.29027490 0.91017720 0.29549750 0.00000000
-0.40010020 1.29857800 -0.33597830 1.00000000

-0.06905950 0.60398330 -0.79399970 0.00000000
-0.11087100 -0.79561590 -0.59556960 0.00000000
-0.99143290 0.04690184 0.12190900 0.00000000
-0.06191780 1.57385300 0.75038780 1.00000000

0.00880583 0.95518910 -0.29586580 0.00000000
0.13032300 0.29225740 0.94741870 0.00000000
0.99143280 -0.04690097 -0.12190950 0.00000000
-0.06190575 1.57387400 0.75047710 1.00000000

-0.01241241 0.94860340 0.31622500 0.00000000
-0.09409960 -0.31595410 0.94409670 0.00000000
0.99548540 -0.01803822 0.09318478 0.00000000
-0.09537858 0.27467130 -0.02420899 1.00000000

0.22625000 -0.74418260 0.62849220 0.00000000
-0.13770180 -0.66317960 -0.73568390 0.00000000
0.96428670 0.07990402 -0.25251980 0.00000000
0.00389240 0.92906620 -0.05797006 1.00000000

0.49021040 0.62107160 0.61152640 0.00000000
-0.36075290 0.78326840 -0.50630840 0.00000000
-0.79344270 0.02758777 0.60801960 0.00000000
-0.14510820 1.35366900 0.40918830 1.00000000

0.46256810 0.66937630 0.58134880 0.00000000
-0.41103320 0.74290370 -0.52834260 0.00000000
-0.78554610 0.00544082 0.61877940 0.00000000
-0.25376830 1.21600200 0.27363740 1.00000000

0.13142780 0.21831410 0.96698810 0.00000000
0.93462780 0.29787080 -0.19427900 0.00000000
-0.33045130 0.92930760 -0.16489370 0.00000000
-0.08909474 1.39957400 0.29655840 1.00000000

0.19370460 0.47398750 0.85896150 0.00000000
0.90975310 0.24091350 -0.33809810 0.00000000
-0.36718960 0.84693380 -0.38454520 0.00000000
-0.11048050 1.36405100 0.13921100 1.00000000

0.13885660 0.29777580 0.94448320 0.00000000
0.87252430 0.41432960 -0.25890660 0.00000000
-0.46842330 0.86003550 -0.20228400 0.00000000
-0.14177020 1.37464500 0.22112550 1.00000000

0.41283920 0.62034410 0.66688640 0.00000000
0.73588720 0.20426100 -0.64555980 0.00000000
-0.53668800 0.75726560 -0.37217600 0.00000000
-0.15758830 1.34072600 0.11354460 1.00000000

-0.19250610 0.34391480 0.91905600 0.00000000
0.81593440 -0.46421030 0.34461550 0.00000000
0.54515370 0.81623010 -0.19124840 0.00000000
0.07550471 1.38275100 0.29356610 1.00000000

-0.15219160 0.45319700 0.87832240 0.00000000
0.80993270 -0.45212010 0.37362620 0.00000000
0.56643350 0.76824490 -0.29824990 0.00000000
0.10682930 1.32679000 0.14401820 1.00000000

-0.33195780 0.41794470 0.84565160 0.00000000
-0.09624042 -0.90681550 0.41039450 0.00000000
0.93837200 0.05484786 0.34124760 0.00000000
0.11830130 1.32674700 0.40440040 1.00000000

-0.38983420 0.39258330 0.83301140 0.00000000
-0.09239376 -0.91668660 0.38877890 0.00000000
0.91623850 0.07459436 0.39362800 0.00000000
0.19188330 1.23410500 0.21695340 1.00000000

-0.42487440 -0.09025665 0.90074160 0.00000000
0.74401100 -0.60163510 0.29065990 0.00000000
0.51568370 0.79365560 0.32277130 0.00000000
0.12984020 1.33936500 0.22836160 1.00000000

-0.34908090 0.02825138 0.93666660 0.00000000
0.69530830 -0.66230370 0.27910640 0.00000000
0.62824290 0.74870270 0.21155420 0.00000000
0.17823710 1.34964500 0.12576320 1.00000000

0.00829457 0.64958710 -0.76024230 0.00000000
-0.12740730 -0.75338550 -0.64511860 0.00000000
-0.99181630 0.10221140 0.07651312 0.00000000
-0.13210220 1.57719600 0.75904770 1.00000000

-0.09392408 0.65538980 -0.74942840 0.00000000
0.09494770 0.75522190 0.64855650 0.00000000
0.99104210 -0.01024150 -0.13316140 0.00000000
-0.06466928 1.57400600 0.75075600 1.00000000

0.24627850 0.56544050 0.78716220 0.00000000
0.88638990 0.19708260 -0.41889360 0.00000000
-0.39199530 0.80089690 -0.45266320 0.00000000
-0.16484830 1.23101400 -0.10187790 1.00000000

-0.01130447 0.65461270 0.75588030 0.00000000
0.81415150 -0.43285160 0.38703690 0.00000000
0.58054320 0.61977600 -0.52806030 0.00000000
0.14954550 1.19958900 -0.10250490 1.00000000

0.37336330 0.79686520 0.47498010 0.00000000
-0.52366480 0.60366880 -0.60113130 0.00000000
-0.76575130 -0.02428985 0.64267810 0.00000000
-0.38883240 1.02055200 0.10389040 1.00000000

0.23927840 0.30735630 0.92102010 0.00000000
0.89300760 0.30271330 -0.33302000 0.00000000
-0.38116090 0.90216230 -0.20203860 0.00000000
-0.20945860 1.12859100 -0.24446280 1.00000000

0.28370770 0.84123600 0.46025200 0.00000000
-0.56562720 0.53439240 -0.62808480 0.00000000
-0.77432290 -0.08213844 0.62743730 0.00000000
-0.46909210 0.84925500 0.00178692 1.00000000

0.07710879 0.69632440 0.71357360 0.00000000
0.84554180 -0.42491560 0.32327480 0.00000000
0.52831260 0.57842870 -0.62153550 0.00000000
0.15159290 1.08101300 -0.23942360 1.00000000

0.99571340 -0.00761048 -0.09218035 0.00000000
-0.05860588 0.71911240 -0.69241820 0.00000000
0.07155769 0.69485220 0.71558360 0.00000000
-0.13553480 1.49700600 0.48816220 1.00000000

0.25244130 0.67313120 0.69510280 0.00000000
-0.04197153 0.72531060 -0.68714110 0.00000000
-0.96670180 0.14428820 0.21135050 0.00000000
-0.25774080 1.49794000 0.49947560 1.00000000

-0.95356640 -0.19933530 -0.22578010 0.00000000
0.00725827 0.73421720 -0.67887590 0.00000000
0.30109550 -0.64899220 -0.69867790 0.00000000
-0.02298775 1.50079500 0.53175340 1.00000000

-0.58976820 0.46274990 0.66184310 0.00000000
0.61388030 0.78938410 -0.00489568 0.00000000
-0.52471390 0.40340510 -0.74962650 0.00000000
0.09404537 1.52526000 0.55946390 1.00000000

-0.31793210 0.52797630 0.78750290 0.00000000
-0.13996500 -0.84763560 0.51178490 0.00000000
0.93772580 0.05249009 0.34338880 0.00000000
0.30571000 1.11947600 -0.02627595 1.00000000

-0.11565750 0.68383820 0.72040920 0.00000000
-0.11850570 -0.72959540 0.67353300 0.00000000
0.98619500 -0.00747350 0.16542180 0.00000000
0.37405400 1.00598000 -0.19556070 1.00000000

-0.01015392 0.99175460 -0.12774930 0.00000000
-0.12763010 0.12542560 0.98385930 0.00000000
0.99176980 0.02629465 0.12530410 0.00000000
-0.15312330 1.13956400 0.25134050 1.00000000

-0.10903410 0.96580280 -0.23523700 0.00000000
0.16918380 0.25122560 0.95302800 0.00000000
0.97953470 0.06411427 -0.19079050 0.00000000
0.03759068 1.13559400 0.18444240 1.00000000

0.18822200 -0.62758800 0.75545040 0.00000000
-0.07130259 -0.77590110 -0.62681220 0.00000000
0.97953480 0.06411429 -0.19079040 0.00000000
0.09532343 0.62420820 0.30899880 1.00000000

-0.71611650 0.69278140 0.08503871 0.00000000
-0.11362460 0.00450212 -0.99351380 0.00000000
-0.68867050 -0.72113380 0.07549293 0.00000000
-0.22317110 1.14847300 0.74562700 1.00000000

-0.78490450 0.61227630 -0.09509701 0.00000000
0.31603750 0.26358770 -0.91139570 0.00000000
-0.53295950 -0.74541260 -0.40039330 0.00000000
-0.27156000 1.13786500 0.71230690 1.00000000

-0.69458780 0.71672090 -0.06212509 0.00000000
-0.71486040 -0.67792370 0.17144890 0.00000000
0.08076516 0.16349670 0.98323260 0.00000000
-0.19878710 1.16212700 0.63884010 1.00000000

-0.55030890 0.28276250 0.78562460 0.00000000
0.48683260 0.87308530 0.02677168 0.00000000
-0.67834720 0.39720020 -0.61812420 0.00000000
0.26073350 1.04374800 0.15776180 1.00000000

-0.53889980 -0.08564988 0.83800420 0.00000000
-0.10796640 0.99363550 0.03212592 0.00000000
-0.83542230 -0.07316355 -0.54471720 0.00000000
0.27684730 1.06052100 0.21307500 1.00000000

-0.45903710 -0.01059769 0.88835380 0.00000000
0.77277800 -0.49806730 0.39337400 0.00000000
0.43829130 0.86707350 0.23682110 0.00000000
0.27363000 1.14979600 0.15561590 1.00000000

-0.10204640 0.54003610 -0.83543280 0.00000000
-0.23468000 -0.82918170 -0.50732940 0.00000000
-0.96670170 0.14428820 0.21135060 0.00000000
-0.31231700 1.35241300 0.34919890 1.00000000

-0.13800710 0.82862910 0.54252000 0.00000000
0.84001770 0.38812150 -0.37912020 0.00000000
-0.52471390 0.40340510 -0.74962640 0.00000000
0.22154930 1.42521600 0.41637780 1.00000000

-0.07921967 0.52216460 -0.84915780 0.00000000
0.10396690 0.85151710 0.51391630 0.00000000
0.99142090 -0.04757195 -0.12174470 0.00000000
-0.09652049 1.59088800 0.76420840 1.00000000

-0.07921967 0.52216460 -0.84915780 0.00000000
0.10396690 0.85151710 0.51391630 0.00000000
0.99142090 -0.04757195 -0.12174470 0.00000000
-0.09559223 1.57567100 0.77761250 1.00000000

-0.10780670 0.69945070 0.70650300 0.00000000
-0.06906670 -0.71419710 0.69652890 0.00000000
0.99176980 0.02629459 0.12530380 0.00000000
-0.14774690 0.61443750 0.31898300 1.00000000

-0.24704750 0.36111860 -0.89920070 0.00000000
0.63539270 -0.64024870 -0.43169190 0.00000000
-0.73160390 -0.67799370 -0.07128018 0.00000000
-0.27861840 1.17407800 0.62508220 1.00000000

-0.94758120 0.31854740 0.02486691 0.00000000
-0.30914040 -0.93370070 0.18065430 0.00000000
0.08076529 0.16349670 0.98323270 0.00000000
-0.24175850 1.17657300 0.63996780 1.00000000

-0.43050840 0.32289290 -0.84285410 0.00000000
0.58343430 -0.61294910 -0.53282070 0.00000000
-0.68867050 -0.72113390 0.07549306 0.00000000
-0.23842480 1.15991400 0.71576290 1.00000000

-0.08632070 0.90363290 0.41951880 0.00000000
0.72863960 0.34443810 -0.59198530 0.00000000
-0.67943600 0.25457740 -0.68815480 0.00000000
0.26712310 1.15158000 0.23722260 1.00000000

-0.30026110 -0.10709970 0.94782530 0.00000000
0.84719780 -0.48653160 0.21340760 0.00000000
0.43829130 0.86707350 0.23682110 0.00000000
0.26001360 1.14493900 0.19859850 1.00000000

-0.18137980 0.72471620 0.66474640 0.00000000
0.71200200 0.56304400 -0.41956490 0.00000000
-0.67834710 0.39720020 -0.61812420 0.00000000
0.25430690 1.06942600 0.18131510 1.00000000

1.00000000 0.00000000 0.00000000 0.00000000
0.00000000 1.00000000 0.00000000 0.00000000
0.00000000 0.00000000 1.00000000 0.00000000
0.00000000 0.00000000 0.00000000 1.00000000

-0.76453220 0.42268580 0.48664900 0.00000000
-0.47963650 0.13132820 -0.86758400 0.00000000
-0.43062570 -0.89671090 0.10233100 0.00000000
-0.13549610 1.66476800 0.48069890 1.00000000

-0.44274730 0.46535780 0.76643160 0.00000000
-0.86814610 -0.43627820 -0.23660850 0.00000000
0.22426960 -0.77013250 0.59715960 0.00000000
0.09616906 1.63090300 0.47193380 1.00000000

-0.41229880 0.18666240 0.89172170 0.00000000
-0.04691773 0.97313670 -0.22539790 0.00000000
-0.90983940 -0.13476890 -0.39246550 0.00000000
-0.08511120 1.70180700 0.51380060 1.00000000

-0.46856760 0.77230460 0.42894100 0.00000000
0.26149890 0.58503460 -0.76769320 0.00000000
-0.84383730 -0.24754870 -0.47608520 0.00000000
-0.01479856 1.66997400 0.36172820 1.00000000

-0.47776560 -0.01036911 0.87842630 0.00000000
-0.80330980 0.40988530 -0.43207310 0.00000000
-0.35557350 -0.91207850 -0.20415900 0.00000000
-0.20193990 1.66332700 0.60286350 1.00000000

-0.03012763 -0.87268870 -0.48734730 0.00000000
0.10052940 -0.48774200 0.86718060 0.00000000
-0.99447750 -0.02286672 0.10242540 0.00000000
-0.10456220 1.55295200 0.66350210 1.00000000

0.64360700 0.38006250 0.66432130 0.00000000
-0.73555460 0.54701290 0.39967020 0.00000000
-0.21149260 -0.74587540 0.63161810 0.00000000
-0.11802400 1.63805100 0.82857030 1.00000000

0.12679530 0.60905670 0.78292630 0.00000000
-0.98689850 0.15684680 0.03781384 0.00000000
-0.09976871 -0.77746360 0.62096450 0.00000000
-0.16621470 1.60959300 0.77882860 1.00000000

-0.82048110 0.21979200 0.52773330 0.00000000
-0.47415360 -0.77733640 -0.41343310 0.00000000
0.31935690 -0.58944080 0.74200500 0.00000000
-0.07635872 1.63299500 0.82440810 1.00000000

-0.19933760 0.58370830 0.78711500 0.00000000
-0.96460690 -0.25837370 -0.05268332 0.00000000
0.17261820 -0.76975870 0.61455280 0.00000000
-0.01820807 1.61741800 0.78700550 1.00000000

-0.05495913 0.70711560 0.70495940 0.00000000
-0.99802520 -0.06040280 -0.01721915 0.00000000
0.03040572 -0.70451360 0.70903900 0.00000000
-0.00381184 1.57526200 0.73015970 1.00000000

-0.34757140 0.34349430 0.87247140 0.00000000
-0.80792780 -0.58193650 -0.09274907 0.00000000
0.47586370 -0.73713090 0.47978310 0.00000000
-0.00480641 1.68774600 0.69266800 1.00000000

-0.44634240 0.13229220 0.88502970 0.00000000
-0.75268890 -0.59040300 -0.29134810 0.00000000
0.48398070 -0.79619330 0.36309670 0.00000000
0.03409591 1.64930000 0.59501600 1.00000000

-0.17324770 0.24317080 0.95438670 0.00000000
-0.04012592 0.96649270 -0.25353930 0.00000000
-0.98406010 -0.08222084 -0.15768520 0.00000000
-0.11005550 1.73681800 0.65121450 1.00000000

-0.00329719 0.17760720 0.98409650 0.00000000
-0.88627200 0.45527300 -0.08513597 0.00000000
-0.46315280 -0.87245800 0.15590700 0.00000000
-0.20230890 1.68320500 0.71300950 1.00000000

0.22825940 -0.68021850 -0.69656360 0.00000000
-0.10998390 -0.72888720 0.67574250 0.00000000
-0.96736800 -0.07763389 -0.24118840 0.00000000
-0.03206384 1.31641000 0.37102140 1.00000000

0.03177583 -0.37622130 -0.92598500 0.00000000
0.04340656 -0.92505940 0.37733490 0.00000000
-0.99855180 -0.05218412 -0.01306401 0.00000000
-0.10201530 1.52392500 0.58477350 1.00000000

-0.09461483 0.48172920 -0.87119780 0.00000000
0.03236983 0.87614970 0.48095170 0.00000000
0.99498710 0.01730475 -0.09849027 0.00000000
-0.10241070 1.51413300 0.74338760 1.00000000

-0.10693210 0.49051940 -0.86484530 0.00000000
0.02710004 0.87094750 0.49062940 0.00000000
0.99389670 0.02902678 -0.10642540 0.00000000
-0.08863001 1.51445000 0.74196830 1.00000000

-0.06476762 -0.84288950 -0.53417490 0.00000000
-0.03652140 -0.53293800 0.84536590 0.00000000
-0.99723170 0.07426122 0.00373362 0.00000000
-0.06216685 1.11260100 0.23787100 1.00000000

-0.15873690 -0.83226050 -0.53117360 0.00000000
-0.23238800 -0.49138570 0.83936660 0.00000000
-0.95958220 0.25667690 -0.11540630 0.00000000
-0.05110362 1.18300100 0.28837110 1.00000000

-0.09121817 -0.85011300 -0.51864010 0.00000000
-0.01813949 -0.51930650 0.85439570 0.00000000
-0.99566540 0.08734424 0.03194961 0.00000000
-0.04031072 1.23961800 0.32442120 1.00000000

-0.67771590 0.07495099 0.73149420 0.00000000
-0.63815640 0.43427380 -0.63573800 0.00000000
-0.36531760 -0.89765760 -0.24648380 0.00000000
-0.16041650 1.15945600 0.82459220 1.00000000

-0.35402570 -0.82507310 0.44036480 0.00000000
-0.52522030 0.56499530 0.63633690 0.00000000
-0.77382770 -0.00600912 -0.63336780 0.00000000
0.36306210 1.17591800 0.09709906 1.00000000

-0.07084960 0.86628380 -0.49450350 0.00000000
0.07742122 0.49902950 0.86312010 0.00000000
0.99447750 0.02286676 -0.10242480 0.00000000
-0.10237910 1.56638500 0.68770040 1.00000000

-0.09318026 0.47515200 -0.87495640 0.00000000
0.04459623 0.87988950 0.47308170 0.00000000
0.99464960 0.00506223 -0.10317840 0.00000000
-0.12495160 1.51476700 0.73116700 1.00000000

-0.10142940 0.48930600 -0.86619450 0.00000000
0.02201943 0.87157550 0.48976710 0.00000000
0.99459880 0.03060375 -0.09917773 0.00000000
-0.06896181 1.51616000 0.72551850 1.00000000

-0.17591830 0.24803130 0.95264580 0.00000000
0.69609760 -0.65293340 0.29854160 0.00000000
0.69606110 0.71565310 -0.05779077 0.00000000
0.20848280 1.35269400 0.03634202 1.00000000

0.14048160 0.61437680 0.77640640 0.00000000
0.68735520 -0.62493010 0.37014340 0.00000000
0.71260630 0.48166850 -0.51008620 0.00000000
0.23577620 1.31421300 -0.11146020 1.00000000

0.07686754 0.55851080 0.82592860 0.00000000
0.69698930 -0.62244630 0.35604410 0.00000000
0.71294990 0.54829500 -0.43712170 0.00000000
0.21743170 1.23398100 -0.21284980 1.00000000

-0.38932330 0.12096570 0.91312410 0.00000000
0.72380520 -0.57294200 0.38450500 0.00000000
0.56967830 0.81062050 0.13550430 0.00000000
0.20369830 1.13419600 -0.36041270 1.00000000

-0.09708683 0.57100140 -0.81518860 0.00000000
-0.03984401 -0.82063130 -0.57006820 0.00000000
-0.99447770 -0.02286584 0.10242350 0.00000000
-0.13115430 1.57361200 0.76907260 1.00000000

-0.05456861 0.94473340 -0.32326730 0.00000000
0.08956965 0.32707580 0.94074400 0.00000000
0.99448430 0.02238021 -0.10246750 0.00000000
-0.13114580 1.57363700 0.76916150 1.00000000

0.61208990 0.06049068 0.78847120 0.00000000
0.75990500 0.23092880 -0.60763110 0.00000000
-0.21883670 0.97108880 0.09538208 0.00000000
-0.27891510 1.20286700 -0.08558714 1.00000000

0.33882160 -0.39664130 0.85315660 0.00000000
0.93736920 0.22024640 -0.26987110 0.00000000
-0.08086266 0.89116110 0.44642340 0.00000000
-0.35884840 1.19496800 -0.18855220 1.00000000

0.51209910 0.50390300 0.69558330 0.00000000
0.71211710 0.20372060 -0.67185350 0.00000000
-0.48025330 0.83939280 -0.25451280 0.00000000
-0.19946340 1.28104700 0.02233195 1.00000000

0.00547307 -0.43219730 0.90176270 0.00000000
0.97561820 0.20016560 0.09001417 0.00000000
-0.21940570 0.87928410 0.42275510 0.00000000
-0.41938320 1.26583300 -0.34097970 1.00000000

-0.09707519 0.57127850 -0.81499580 0.00000000
-0.03987792 -0.82043830 -0.57034340 0.00000000
-0.99447750 -0.02286596 0.10242560 0.00000000
-0.05798496 1.57529400 0.76153680 1.00000000

-0.05581155 0.94175420 -0.33164020 0.00000000
0.08887677 0.33552530 0.93782930 0.00000000
0.99447750 0.02286668 -0.10242630 0.00000000
-0.05797639 1.57531900 0.76162560 1.00000000

-0.04167901 0.80129320 0.59681850 0.00000000
-0.13409550 -0.59641960 0.79139270 0.00000000
0.99009140 -0.04704632 0.13230800 0.00000000
-0.09701309 0.30683270 -0.19188270 1.00000000

0.20186590 -0.60834830 0.76756920 0.00000000
-0.08398020 -0.79156850 -0.60528290 0.00000000
0.97580610 0.05772531 -0.21087990 0.00000000
0.00556538 0.84635660 0.04458507 1.00000000

0.48537890 0.52654420 0.69796800 0.00000000
-0.14019640 0.83485600 -0.53231670 0.00000000
-0.86299030 0.16052260 0.47904100 0.00000000
-0.16155820 1.33728800 0.42339500 1.00000000

0.45259860 0.64953790 0.61094650 0.00000000
-0.25828900 0.75125910 -0.60736890 0.00000000
-0.85348740 0.11709360 0.50778730 0.00000000
-0.26914730 1.22057400 0.26868350 1.00000000

0.10913790 0.18999350 0.97570090 0.00000000
0.93187360 0.32208370 -0.16695350 0.00000000
