MeshAnim
1
28
88
30
0.13925060 0.98998330 -0.02330843 0.00000000
0.73145050 -0.08696197 0.67632770 0.00000000
0.66752550 -0.11122790 -0.73623330 0.00000000
0.19154600 1.67766400 0.46175790 1.00000000

-0.12704960 0.98418040 -0.12348200 0.00000000
0.98691150 0.11296190 -0.11509280 0.00000000
-0.09932330 -0.13648820 -0.98565100 0.00000000
-0.02076591 1.73300400 0.35641150 1.00000000

0.29826120 0.88783070 -0.35042530 0.00000000
-0.27137790 0.43086320 0.86064670 0.00000000
0.91509280 -0.16159950 0.36944740 0.00000000
0.10011340 1.82167900 0.42500770 1.00000000

-0.12063820 0.95468970 0.27205700 0.00000000
-0.32626760 -0.29696510 0.89742000 0.00000000
0.93754800 0.01949968 0.34730940 0.00000000
0.04924843 1.67027100 0.48476860 1.00000000

0.34578750 0.79297200 -0.50162470 0.00000000
0.71873710 0.11982970 0.68487880 0.00000000
0.60319880 -0.59735840 -0.52850280 0.00000000
0.23963530 1.78794400 0.39199600 1.00000000

-0.28134280 -0.95834650 0.04917940 0.00000000
0.36606780 -0.15455860 -0.91766410 0.00000000
0.88704070 -0.24017510 0.39430360 0.00000000
0.16737850 1.75151000 0.25885440 1.00000000

-0.41694590 0.90771880 0.04694275 0.00000000
0.87893280 0.38948760 0.27527660 0.00000000
0.23159000 0.15603490 -0.96021930 0.00000000
0.27264820 1.87707900 0.17041670 1.00000000

0.26422140 0.94926950 0.17051420 0.00000000
0.94211570 -0.29187120 0.16501450 0.00000000
0.20641120 0.11704360 -0.97144050 0.00000000
0.30386740 1.80911300 0.16690190 1.00000000

0.98270770 0.13789840 0.12357530 0.00000000
0.10313620 -0.96189640 0.25321850 0.00000000
0.15378490 -0.23609450 -0.95948490 0.00000000
0.23527380 1.88166600 0.15141690 1.00000000

0.60869340 0.74315530 -0.27787390 0.00000000
0.78848710 -0.52766650 0.31600240 0.00000000
0.08821394 -0.41144810 -0.90715520 0.00000000
0.16562550 1.87189200 0.14265860 1.00000000

0.43336600 0.82970210 -0.35183790 0.00000000
0.89954540 -0.37445760 0.22494560 0.00000000
0.05488944 -0.41397760 -0.90863170 0.00000000
0.12166540 1.81822100 0.16272680 1.00000000

0.68570820 0.57293330 -0.44894690 0.00000000
0.69129760 -0.70568630 0.15529090 0.00000000
-0.22784420 -0.41683970 -0.87996230 0.00000000
0.10609790 1.90929700 0.24098750 1.00000000

0.36035740 0.80654520 -0.46864550 0.00000000
0.90600190 -0.42221160 -0.02997666 0.00000000
-0.22204500 -0.41379110 -0.88287870 0.00000000
0.02934925 1.84517100 0.29123620 1.00000000

0.51219110 0.64800820 -0.56369040 0.00000000
-0.12239320 0.70468620 0.69888400 0.00000000
0.85010660 -0.28896980 0.44024590 0.00000000
0.17385920 1.91497900 0.34384620 1.00000000

0.38085810 0.65806800 -0.64953420 0.00000000
0.75939510 0.17814910 0.62576610 0.00000000
0.52751020 -0.73158060 -0.43188410 0.00000000
0.28226340 1.86159900 0.31929610 1.00000000

-0.27230700 -0.96104870 -0.04727225 0.00000000
0.94854040 -0.25986230 -0.18095020 0.00000000
0.16161770 -0.09411365 0.98235600 0.00000000
0.03378829 1.39008200 0.25081040 1.00000000

-0.56275550 -0.82375470 0.06880829 0.00000000
0.80549710 -0.56516870 -0.17821080 0.00000000
0.18569030 -0.04486421 0.98158410 0.00000000
0.11795040 1.68394600 0.26511690 1.00000000

-0.36563210 0.15444160 0.91785750 0.00000000
0.28177400 0.95822980 -0.04898893 0.00000000
-0.88708360 0.24071640 -0.39387720 0.00000000
0.20733600 1.74108600 0.18019110 1.00000000

-0.36607020 0.15456050 0.91766260 0.00000000
0.28134600 0.95834550 -0.04917922 0.00000000
-0.88703870 0.24017760 -0.39430690 0.00000000
0.19504400 1.74441400 0.17472710 1.00000000

0.28756460 -0.94936190 -0.12656560 0.00000000
0.89321670 0.31352380 -0.32228370 0.00000000
0.34564510 -0.02037318 0.93814430 0.00000000
0.06541219 1.14742400 0.23918990 1.00000000

0.21543890 -0.97504910 -0.05353259 0.00000000
0.90377540 0.21985250 -0.36722600 0.00000000
0.36983260 0.03073331 0.92859020 0.00000000
0.05368761 1.23375400 0.24538660 1.00000000

0.05519845 -0.99829380 -0.01905726 0.00000000
0.92768860 0.05833418 -0.36877020 0.00000000
0.36925250 0.00267630 0.92932570 0.00000000
0.03897460 1.30003700 0.24905240 1.00000000

0.64987790 -0.44440290 0.61657540 0.00000000
0.35270740 0.89493950 0.27327890 0.00000000
-0.67324330 0.03987265 0.73834570 0.00000000
0.11327510 0.96696510 0.51287220 1.00000000

0.36297570 0.01196575 -0.93172200 0.00000000
-0.23209630 0.96956320 -0.07796669 0.00000000
0.90243040 0.24454900 0.35470500 0.00000000
0.09424937 1.04982500 -0.07574347 1.00000000

-0.16985050 0.62514280 0.76180630 0.00000000
0.42924970 0.74278280 -0.51382780 0.00000000
-0.88707170 0.23973110 -0.39450460 0.00000000
0.17937690 1.77184500 0.24424960 1.00000000

-0.36607030 0.15456020 0.91766250 0.00000000
0.28134590 0.95834570 -0.04917895 0.00000000
-0.88703870 0.24017760 -0.39430690 0.00000000
0.21956390 1.73221300 0.20091770 1.00000000

-0.36650340 0.15467740 0.91747030 0.00000000
0.28091290 0.95846280 -0.04937161 0.00000000
-0.88699720 0.23963430 -0.39473070 0.00000000
0.16974350 1.74570200 0.17877170 1.00000000

0.64152250 0.76400580 -0.06888270 0.00000000
0.04704815 -0.12881360 -0.99055280 0.00000000
-0.76566050 0.63222070 -0.11858190 0.00000000
-0.21250190 1.12372400 0.12767330 1.00000000

0.54263320 0.67773680 -0.49620910 0.00000000
-0.24009270 -0.44095290 -0.86482210 0.00000000
-0.80492590 0.58841700 -0.07655607 0.00000000
-0.31203340 1.00518900 0.13836040 1.00000000

0.37784340 0.42391650 -0.82312260 0.00000000
-0.46634170 -0.68088570 -0.56473100 0.00000000
-0.79985080 0.59723610 -0.05957824 0.00000000
-0.38289570 0.91668340 0.20315860 1.00000000

0.25877920 0.11571280 -0.95898160 0.00000000
-0.61026780 -0.74997410 -0.25517280 0.00000000
-0.74873770 0.65126870 -0.12346190 0.00000000
-0.45040230 0.84094510 0.35022000 1.00000000

-0.42293140 -0.08015656 0.90261040 0.00000000
-0.18517840 -0.96741500 -0.17267970 0.00000000
0.88703940 -0.24017540 0.39430690 0.00000000
0.24817680 1.79631300 0.19767110 1.00000000

-0.03993654 0.81092600 0.58378560 0.00000000
0.45996320 0.53358780 -0.70973180 0.00000000
-0.88703990 0.24017550 -0.39430560 0.00000000
0.24821940 1.79636600 0.19760760 1.00000000

0.14744540 0.86854020 -0.47317930 0.00000000
-0.88815050 -0.09426528 -0.44978140 0.00000000
-0.43525730 0.48657240 0.75749520 0.00000000
0.04237045 0.99315210 0.58384220 1.00000000

0.01419654 0.68816040 -0.72542030 0.00000000
-0.91830630 -0.27807310 -0.28176190 0.00000000
-0.39561710 0.67015770 0.62799410 0.00000000
0.02311691 0.87973040 0.64563490 1.00000000

0.05883217 0.92563800 -0.37380990 0.00000000
-0.88300260 -0.12642220 -0.45202250 0.00000000
-0.46566650 0.35666840 0.80990300 0.00000000
0.05149820 1.13676400 0.52584610 1.00000000

-0.29765370 0.36171580 -0.88349570 0.00000000
-0.85226550 -0.51767840 0.07518714 0.00000000
-0.43017020 0.77535250 0.46236690 0.00000000
0.02058049 0.75678160 0.77524080 1.00000000

-0.39268590 0.05667623 0.91792560 0.00000000
-0.24280980 -0.96907420 -0.04403909 0.00000000
0.88704110 -0.24017460 0.39430330 0.00000000
0.18291220 1.81398400 0.16865980 1.00000000

-0.05635267 0.79193220 0.60800420 0.00000000
0.45812400 0.56158860 -0.68901480 0.00000000
-0.88710070 0.23971330 -0.39445050 0.00000000
0.18295470 1.81403700 0.16859630 1.00000000

0.01793137 0.98937800 -0.14425730 0.00000000
0.99702720 -0.00688056 0.07674292 0.00000000
0.07493511 -0.14520440 -0.98656000 0.00000000
0.18206370 0.23149970 0.56050620 1.00000000

0.18763460 0.97502600 0.11881870 0.00000000
0.76501020 -0.06919187 -0.64029040 0.00000000
-0.61607830 0.21103820 -0.75888760 0.00000000
-0.20359110 0.24083840 -0.04747660 1.00000000

-0.36393720 0.91036750 -0.19692980 0.00000000
-0.33168220 0.07089987 0.94072340 0.00000000
0.87036600 0.40768220 0.27614970 0.00000000
0.11449840 1.42558600 0.36116780 1.00000000

-0.38064940 0.88860350 -0.25591110 0.00000000
-0.34424410 0.12068410 0.93109170 0.00000000
0.85825530 0.44251520 0.25995820 0.00000000
0.19516880 1.22379400 0.40481940 1.00000000

-0.13435470 0.94056140 -0.31191860 0.00000000
-0.80805140 -0.28619100 -0.51492550 0.00000000
-0.57358710 0.18286350 0.79847290 0.00000000
-0.01619356 1.39688300 0.35605800 1.00000000

-0.10631500 0.95829310 -0.26527650 0.00000000
-0.81705330 -0.23623800 -0.52594270 0.00000000
-0.56667540 0.16082950 0.80809240 0.00000000
0.00566835 1.24383600 0.40681320 1.00000000

-0.15381150 0.81290660 -0.56171670 0.00000000
-0.86337480 -0.38703950 -0.32370450 0.00000000
-0.48054770 0.43518250 0.76137420 0.00000000
0.02537742 1.32988800 0.40962790 1.00000000

-0.07568628 0.88481940 -0.45974700 0.00000000
-0.87835660 -0.27740090 -0.38927980 0.00000000
-0.47197620 0.37435840 0.79818220 0.00000000
0.04289899 1.23729500 0.47361100 1.00000000

0.13428050 0.99094360 0.00002855 0.00000000
0.12868040 -0.01740858 -0.99153390 0.00000000
-0.98255300 0.13314730 -0.12985280 0.00000000
-0.07729877 1.39644000 0.20226940 1.00000000

0.14138120 0.98960720 -0.02625539 0.00000000
0.11774670 -0.04314366 -0.99210670 0.00000000
-0.98292780 0.13717370 -0.12262280 0.00000000
-0.09914909 1.23519500 0.20226470 1.00000000

-0.20229030 0.84024050 0.50306610 0.00000000
0.97855820 0.19375900 0.06986898 0.00000000
-0.03876692 0.50641300 -0.86141950 0.00000000
0.01671140 1.42487800 0.11505900 1.00000000

-0.16419530 0.85650280 0.48932970 0.00000000
0.98568370 0.16172760 0.04766625 0.00000000
-0.03831193 0.49015060 -0.87079580 0.00000000
0.06155102 1.23863100 0.00354932 1.00000000

0.48594500 0.85706000 0.17119080 0.00000000
0.22114390 0.06892281 -0.97280310 0.00000000
-0.84554910 0.51058640 -0.15604100 0.00000000
-0.08991113 1.31206400 0.15975150 1.00000000

0.59180920 0.79844160 0.11069550 0.00000000
0.17519110 0.00663954 -0.98451280 0.00000000
-0.78681030 0.60203620 -0.13595060 0.00000000
-0.14526230 1.21444000 0.14025010 1.00000000

-0.35827760 0.29624180 0.88536970 0.00000000
-0.31160180 -0.93188850 0.18571280 0.00000000
0.88008110 -0.20934590 0.42618430 0.00000000
0.24572560 1.79701200 0.19656090 1.00000000

-0.26623650 0.27180420 0.92479320 0.00000000
0.34155980 0.92376900 -0.17317260 0.00000000
-0.90136320 0.26976700 -0.33877850 0.00000000
0.18539300 1.81334800 0.16974200 1.00000000

-0.06213486 0.96713380 -0.24655940 0.00000000
-0.82929730 -0.18748350 -0.52641900 0.00000000
-0.55534300 0.17176200 0.81369070 0.00000000
0.03550840 0.97486720 0.48126940 1.00000000

0.16594960 0.98019240 -0.10809340 0.00000000
0.08170417 -0.12290290 -0.98905040 0.00000000
-0.98274370 0.15530070 -0.10048150 0.00000000
-0.13883100 0.95743720 0.20963400 1.00000000

-0.39561860 0.85391580 -0.33810430 0.00000000
-0.36104320 0.19389810 0.91216870 0.00000000
0.84447260 0.48294090 0.23159070 0.00000000
0.30631360 0.96433220 0.47954230 1.00000000

-0.10811850 0.92364960 -0.36767100 0.00000000
-0.85742990 -0.27380750 -0.43571140 0.00000000
-0.50311510 0.26814350 0.82156820 0.00000000
0.04676331 0.79968260 0.52593060 1.00000000

-0.47341490 0.82715610 -0.30280710 0.00000000
-0.32063560 0.15836070 0.93387090 0.00000000
0.82040920 0.53919890 0.19024540 0.00000000
0.39135750 0.78077120 0.55222240 1.00000000

0.19155090 0.93865010 -0.28678350 0.00000000
-0.02224560 -0.28796680 -0.95738260 0.00000000
-0.98123050 0.18976710 -0.03427939 0.00000000
-0.16889070 0.77988710 0.22921400 1.00000000

0.08172548 0.13489250 -0.98748450 0.00000000
-0.96093600 0.27354100 -0.04216206 0.00000000
0.26443000 0.95235480 0.15197840 0.00000000
0.08954588 1.61269200 0.32442530 1.00000000

0.18641390 0.94380450 -0.27291730 0.00000000
-0.90334250 0.27387570 0.33009810 0.00000000
0.38629340 0.18500290 0.90363300 0.00000000
0.07951553 1.59613600 0.44562130 1.00000000

0.27073340 -0.15946960 0.94935420 0.00000000
-0.92068950 0.24510890 0.30373160 0.00000000
-0.28113100 -0.95629040 -0.08046286 0.00000000
0.07003037 1.62405700 0.20580240 1.00000000

0.43748110 0.86828060 0.23387980 0.00000000
-0.89794870 0.40795590 0.16510850 0.00000000
0.04794782 -0.28224370 0.95814400 0.00000000
0.03680266 1.64362800 0.08928620 1.00000000

0.02905436 0.91233750 0.40840720 0.00000000
0.99865930 -0.00898173 -0.05098132 0.00000000
-0.04284400 0.40934060 -0.91137530 0.00000000
0.10949410 0.98854200 -0.13932890 1.00000000

0.35611690 0.89283000 0.27574620 0.00000000
0.92663190 -0.29934330 -0.22747960 0.00000000
-0.12055790 0.33652450 -0.93392600 0.00000000
0.10324860 0.79242220 -0.22712180 1.00000000

-0.42909090 0.87192100 -0.23587090 0.00000000
0.90160750 0.42923960 -0.05345570 0.00000000
0.05463597 -0.23560020 -0.97031330 0.00000000
0.10034770 1.14536500 0.33401070 1.00000000

-0.03153804 0.93036010 0.36528860 0.00000000
0.86308160 0.20966720 -0.45948890 0.00000000
-0.50407890 0.30078250 -0.80958900 0.00000000
0.03047662 1.14948400 0.14436890 1.00000000

0.51623440 0.85644130 -0.00323667 0.00000000
0.69239190 -0.41956920 -0.58698820 0.00000000
-0.50407890 0.30078250 -0.80958900 0.00000000
0.04717575 0.65686460 -0.04904883 1.00000000

0.68257220 0.46125730 0.56686640 0.00000000
-0.51343470 0.85465030 -0.07719197 0.00000000
-0.52007770 -0.23835980 0.82018610 0.00000000
0.15511390 0.95084590 0.48973270 1.00000000

0.69690620 0.38527890 0.60488220 0.00000000
-0.25892890 0.92172110 -0.28876760 0.00000000
-0.66878840 0.04462242 0.74211290 0.00000000
0.14260480 0.98318000 0.53832910 1.00000000

0.76052380 0.60265180 0.24169230 0.00000000
-0.28217610 -0.02848512 0.95894030 0.00000000
0.58479110 -0.79749630 0.14839040 0.00000000
0.11991980 1.03637700 0.45951860 1.00000000

0.03220424 0.79694620 -0.60319160 0.00000000
-0.71067390 0.44261250 0.54684350 0.00000000
0.70278490 0.41106190 0.58062260 0.00000000
0.14622070 1.06441800 -0.07974544 1.00000000

-0.00991362 0.84898410 -0.52832540 0.00000000
-0.43104900 0.47311330 0.76834970 0.00000000
0.90227450 0.23535110 0.36126350 0.00000000
0.09383203 1.08555500 -0.09797839 1.00000000

0.07391116 0.91865700 -0.38808110 0.00000000
-0.69993420 -0.22941110 -0.67636040 0.00000000
-0.71037340 0.32162200 0.62604330 0.00000000
0.10295340 1.12040100 0.00028206 1.00000000

-0.29124440 0.95402450 -0.07081575 0.00000000
-0.87518810 -0.23582220 0.42241470 0.00000000
0.38629380 0.18500290 0.90363270 0.00000000
0.03921403 1.39209200 0.50462410 1.00000000

-0.33655660 0.89858980 0.28154280 0.00000000
-0.94044210 -0.33596880 -0.05190580 0.00000000
0.04794759 -0.28224370 0.95814410 0.00000000
-0.05777784 1.45591200 0.03872293 1.00000000

-0.36650040 0.15467670 0.91747150 0.00000000
0.28091030 0.95846360 -0.04937294 0.00000000
-0.88699910 0.23963190 -0.39472770 0.00000000
0.22129680 1.82514700 0.18250870 1.00000000

-0.36606750 0.15455980 0.91766380 0.00000000
0.28134320 0.95834640 -0.04918052 0.00000000
-0.88704070 0.24017490 -0.39430390 0.00000000
0.22607070 1.81369100 0.16469470 1.00000000

0.29949770 0.93088780 -0.20916350 0.00000000
0.95253160 -0.27917860 0.12142180 0.00000000
0.05463606 -0.23560030 -0.97031330 0.00000000
0.32754810 0.68368910 0.45890270 1.00000000

-0.06824607 0.99548420 0.06598839 0.00000000
-0.82506560 -0.01912933 -0.56471350 0.00000000
-0.56090070 -0.09298421 0.82264540 0.00000000
0.13539110 1.07704600 0.52800960 1.00000000

0.46110130 0.47730540 0.74804160 0.00000000
-0.66738640 -0.36902620 0.64685070 0.00000000
0.58479190 -0.79749610 0.14838860 0.00000000
0.14083020 1.05802200 0.49344120 1.00000000

0.15089160 0.91952640 0.36290970 0.00000000
-0.84068520 0.31250040 -0.44225870 0.00000000
-0.52007780 -0.23835980 0.82018600 0.00000000
0.16046030 0.98342680 0.50259140 1.00000000

-0.51463570 0.79886780 0.31138560 0.00000000
-0.30415370 -0.50964700 0.80482970 0.00000000
0.80164900 0.31948480 0.50526100 0.00000000
0.05336250 1.15917200 -0.05425050 1.00000000

-0.42643940 0.51095130 -0.74637680 0.00000000
-0.55992870 -0.79717540 -0.22581390 0.00000000
-0.71037320 0.32162200 0.62604340 0.00000000
0.08361498 1.14357200 -0.03356509 1.00000000

-0.58465290 0.79872610 0.14219170 0.00000000
-0.40530850 -0.43939240 0.80166060 0.00000000
0.70278500 0.41106160 0.58062250 0.00000000
0.12550520 1.09271900 -0.07470730 1.00000000

-1.00000000 0.00000000 0.00000000 0.00000000
0.00000000 1.00000000 0.00000000 0.00000000
0.00000000 0.00000000 -1.00000000 0.00000000
0.00000000 0.00000000 0.00000000 1.00000000

0.12182510 0.95595740 -0.26703100 0.00000000
0.68295560 0.11448590 0.72143270 0.00000000
0.72022980 -0.27025850 -0.63892900 0.00000000
0.35670790 2.08206500 0.13621920 1.00000000

-0.17263950 0.92417710 -0.34072380 0.00000000
0.98439940 0.14995570 -0.09204107 0.00000000
-0.03396881 -0.35129820 -0.93564740 0.00000000
0.12216240 2.10338200 0.03856479 1.00000000

0.19725090 0.75555720 -0.62468110 0.00000000
-0.19467420 0.65469780 0.73039220 0.00000000
0.96083010 -0.02246115 0.27622700 0.00000000
0.25552870 2.24144800 0.07417182 1.00000000

-0.08719136 0.99592110 -0.02323479 0.00000000
-0.39678720 -0.01332611 0.91781450 0.00000000
0.91376030 0.08924477 0.39633010 0.00000000
0.22188990 2.11259700 0.18070360 1.00000000

0.23505730 0.67777580 -0.69668450 0.00000000
0.79464040 0.27875620 0.53929760 0.00000000
0.55972780 -0.68037900 -0.47306420 0.00000000
0.38939780 2.17632500 0.03932991 1.00000000

-0.27818840 -0.80795000 0.51945060 0.00000000
0.23254380 -0.58136050 -0.77970730 0.00000000
0.93195220 -0.09611043 0.34961130 0.00000000
0.29124810 2.09596000 -0.05182799 1.00000000

-0.39661870 0.85426520 -0.33604360 0.00000000
0.91254770 0.40668170 -0.04320790 0.00000000
0.09975177 -0.32379260 -0.94085500 0.00000000
0.38391410 2.15960500 -0.20026300 1.00000000

0.27903250 0.91036060 -0.30559060 0.00000000
0.95784110 -0.24117950 0.15611960 0.00000000
0.06842300 -0.33626910 -0.93927720 0.00000000
0.41361130 2.09564100 -0.17510130 1.00000000

0.99213410 0.09622597 -0.08006766 0.00000000
0.12514620 -0.74743820 0.65243820 0.00000000
0.00293569 -0.65732600 -0.75360100 0.00000000
0.34427460 2.15765800 -0.21453870 1.00000000

0.57449250 0.49617450 -0.65097640 0.00000000
0.81727740 -0.39136170 0.42295880 0.00000000
-0.04490568 -0.77501460 -0.63034620 0.00000000
0.27395810 2.15083800 -0.20886390 1.00000000

0.38129840 0.58728560 -0.71393850 0.00000000
0.92302110 -0.28481430 0.25867680 0.00000000
-0.05142280 -0.75761260 -0.65067600 0.00000000
0.23246800 2.11500400 -0.16185010 1.00000000

0.64753160 0.26760260 -0.71350690 0.00000000
0.67835940 -0.62899580 0.37972790 0.00000000
-0.34717680 -0.72989980 -0.58882520 0.00000000
0.22914480 2.23214600 -0.13287160 1.00000000

0.24812500 0.71051380 -0.65848640 0.00000000
0.94696960 -0.32115890 0.01029455 0.00000000
-0.20416430 -0.62612070 -0.75252250 0.00000000
0.15666930 2.20219400 -0.05301172 1.00000000

0.38327480 0.26277490 -0.88546640 0.00000000
0.00517094 0.95805050 0.28655330 0.00000000
0.92362010 -0.11440730 0.36583760 0.00000000
0.31071310 2.27928200 -0.05331891 1.00000000

0.22186150 0.32819840 -0.91818510 0.00000000
0.86249580 0.37319380 0.34180040 0.00000000
0.45483920 -0.86776300 -0.20027220 0.00000000
0.41422980 2.21305900 -0.06343892 1.00000000

-0.38501080 -0.83166860 0.40011750 0.00000000
0.75631880 -0.53277690 -0.37964590 0.00000000
0.52891300 0.15644860 0.83413160 0.00000000
0.12412690 1.79818100 0.12355940 1.00000000

-0.56401300 -0.54840800 0.61736410 0.00000000
0.47703240 -0.82664180 -0.29850230 0.00000000
0.67403980 0.12614350 0.72784500 0.00000000
0.24261630 2.05221600 0.00079014 1.00000000

-0.23254110 0.58136140 0.77970760 0.00000000
0.27818610 0.80794970 -0.51945230 0.00000000
-0.93195370 0.09610982 -0.34960790 0.00000000
0.31969390 2.04802400 -0.12101010 1.00000000

-0.23254660 0.58136180 0.77970550 0.00000000
0.27819160 0.80794880 -0.51945040 0.00000000
-0.93195060 0.09611110 -0.34961550 0.00000000
0.30677970 2.04935600 -0.12585480 1.00000000

0.22461250 -0.97177440 -0.07213823 0.00000000
0.76842230 0.22216120 -0.60014280 0.00000000
0.59922960 0.07936693 0.79663340 0.00000000
0.13783340 1.55638100 0.15204940 1.00000000

0.13767950 -0.98749120 0.07684670 0.00000000
0.78245210 0.06086489 -0.61972880 0.00000000
0.60729950 0.14545290 0.78104460 0.00000000
0.12970780 1.64331100 0.14950230 1.00000000

-0.04440737 -0.97187650 0.23126560 0.00000000
0.77664630 -0.17919260 -0.60391270 0.00000000
0.62836970 0.15279340 0.76276190 0.00000000
0.12029200 1.71045700 0.14432130 1.00000000

0.75631670 -0.35454880 0.54980050 0.00000000
0.45256760 0.89041820 -0.04835882 0.00000000
-0.47240700 0.28539660 0.83389550 0.00000000
0.44767950 1.43218500 0.30950430 1.00000000

-0.35430100 0.13879090 -0.92477510 0.00000000
0.14332760 0.98529960 0.09296282 0.00000000
0.92408260 -0.09960911 -0.36898520 0.00000000
-0.08719820 1.38600100 -0.10410740 1.00000000

-0.05710743 0.91396120 0.40176390 0.00000000
0.35782840 0.39442290 -0.84639860 0.00000000
-0.93203980 0.09542678 -0.34956540 0.00000000
0.30121580 2.10649600 -0.07550154 1.00000000

-0.23254640 0.58136140 0.77970580 0.00000000
0.27819150 0.80794910 -0.51945010 0.00000000
-0.93195060 0.09611133 -0.34961520 0.00000000
0.33464980 2.04873600 -0.10018590 1.00000000

-0.23254650 0.58136160 0.77970580 0.00000000
0.27819160 0.80794950 -0.51944980 0.00000000
-0.93195060 0.09611131 -0.34961550 0.00000000
0.28230690 2.05413300 -0.11982160 1.00000000

0.54756080 0.81705400 -0.18055480 0.00000000
-0.15949780 -0.10990790 -0.98106150 0.00000000
-0.82142400 0.56598850 0.07013701 0.00000000
-0.17066500 1.54183900 0.11252930 1.00000000

0.44854870 0.76042260 -0.46963990 0.00000000
-0.24381740 -0.40142660 -0.88284220 0.00000000
-0.85985870 0.51050390 0.00534478 0.00000000
-0.25561850 1.41507400 0.14054230 1.00000000

0.40265830 0.56423330 -0.72076880 0.00000000
-0.22793010 -0.70081620 -0.67594750 0.00000000
-0.88651810 0.43646030 -0.15358390 0.00000000
-0.31419440 1.31577000 0.20187080 1.00000000

0.47809430 0.28005220 -0.83246440 0.00000000
-0.16317890 -0.90298070 -0.39749060 0.00000000
-0.86301700 0.32587830 -0.38601170 0.00000000
-0.38613450 1.21496300 0.33064560 1.00000000

-0.29057540 0.37876240 0.87869540 0.00000000
-0.21687150 -0.92049040 0.32506120 0.00000000
0.93195120 -0.09610923 0.34961410 0.00000000
0.36296050 2.10210200 -0.13608170 1.00000000

0.04891998 0.98892120 0.14015160 0.00000000
0.35904560 0.11352860 -0.92638980 0.00000000
-0.93203740 0.09563975 -0.34951380 0.00000000
0.36299400 2.10211700 -0.13616710 1.00000000

0.13555550 0.88195510 -0.45142030 0.00000000
-0.97363000 0.03419667 -0.22555680 0.00000000
-0.18349350 0.47009130 0.86333290 0.00000000
0.15105010 1.43005000 0.45929650 1.00000000

0.00120047 0.76432500 -0.64483020 0.00000000
-0.98615470 -0.10602420 -0.12750770 0.00000000
-0.16582480 0.63605490 0.75361500 0.00000000
0.13334930 1.31487600 0.51824740 1.00000000

0.07300118 0.93192240 -0.35523440 0.00000000
-0.98361650 0.00840684 -0.18008000 0.00000000
-0.16483390 0.36255990 0.91726740 0.00000000
0.16237610 1.57463700 0.40418220 1.00000000

-0.30707430 0.55246440 -0.77491210 0.00000000
-0.93319510 -0.33452590 0.13130070 0.00000000
-0.18668900 0.76346260 0.61828060 0.00000000
0.13313480 1.17831900 0.63345460 1.00000000

-0.25529800 0.51074620 0.82095150 0.00000000
-0.25746440 -0.85434290 0.45145460 0.00000000
0.93195240 -0.09611026 0.34961070 0.00000000
0.29439150 2.10917400 -0.16180490 1.00000000

0.03644941 0.98439460 0.17216130 0.00000000
0.36052940 0.14772110 -0.92097650 0.00000000
-0.93203560 0.09563815 -0.34951860 0.00000000
0.29442500 2.10918900 -0.16189020 1.00000000

0.03768624 0.99334910 -0.10880180 0.00000000
0.89542980 -0.08190259 -0.43760440 0.00000000
-0.44360490 -0.08093277 -0.89256080 0.00000000
0.43223570 0.62373510 0.33462050 1.00000000

0.11489380 0.98312780 -0.14233390 0.00000000
0.44625980 -0.17909270 -0.87679980 0.00000000
-0.88749740 0.03722105 -0.45930750 0.00000000
-0.04338352 0.65982230 -0.01724441 1.00000000

-0.29227470 0.88477790 -0.36296530 0.00000000
-0.14265120 0.33495710 0.93137250 0.00000000
0.94563530 0.32399400 0.02831505 0.00000000
0.23696460 1.84406600 0.19504100 1.00000000

-0.14706990 0.93976060 -0.30857860 0.00000000
-0.17254170 0.28281360 0.94352860 0.00000000
0.97396090 0.19200720 0.12055450 0.00000000
0.30175030 1.64794600 0.27549600 1.00000000

0.10536750 0.81373890 -0.57160010 0.00000000
-0.96737850 -0.04928996 -0.24849430 0.00000000
-0.23038350 0.57913670 0.78199990 0.00000000
0.10872920 1.83656400 0.23262340 1.00000000

0.05857149 0.94806430 -0.31263940 0.00000000
-0.96157340 -0.03056770 -0.27284120 0.00000000
-0.26822760 0.31660620 0.90984290 0.00000000
0.09158388 1.70415300 0.32563360 1.00000000

-0.14003100 0.83382160 -0.53397820 0.00000000
-0.98595000 -0.16702540 -0.00225829 0.00000000
-0.09107059 0.52615930 0.84549500 0.00000000
0.13883420 1.77308400 0.29704530 1.00000000

-0.06680220 0.91069920 -0.40763340 0.00000000
-0.99140730 -0.10663650 -0.07576814 0.00000000
-0.11247030 0.39906880 0.90999690 0.00000000
0.15478630 1.67810800 0.35786810 1.00000000

0.42786230 0.84384110 -0.32383060 0.00000000
-0.26614900 -0.22477060 -0.93735980 0.00000000
-0.86376990 0.48724800 0.12841650 0.00000000
0.00471726 1.81133100 0.10639850 1.00000000

0.26441400 0.95517820 -0.13311670 0.00000000
-0.28720920 -0.05377533 -0.95635740 0.00000000
-0.92064990 0.29110640 0.26011710 0.00000000
-0.06490442 1.67402300 0.15909190 1.00000000

0.38503260 0.87586530 0.29087880 0.00000000
0.84375910 -0.20637430 -0.49545960 0.00000000
-0.37392600 0.43619940 -0.81848010 0.00000000
0.07055695 1.80360300 -0.00695796 1.00000000

0.16923690 0.94466180 0.28102180 0.00000000
0.88025000 -0.01662486 -0.47421910 0.00000000
-0.44330470 0.32762460 -0.83435200 0.00000000
-0.01478937 1.60945900 -0.07143415 1.00000000

0.52726060 0.84638110 -0.07506981 0.00000000
-0.13502640 -0.00376635 -0.99083510 0.00000000
-0.83890640 0.53256440 0.11229790 0.00000000
-0.04873078 1.73315800 0.09550865 1.00000000

0.54460410 0.83537240 -0.07456353 0.00000000
-0.13215660 -0.00231787 -0.99122640 0.00000000
-0.82821550 0.54967980 0.10913770 0.00000000
-0.10878870 1.63675100 0.10405750 1.00000000

-0.21420130 0.68237960 0.69891090 0.00000000
-0.28172730 -0.72827080 0.62470180 0.00000000
0.93527950 -0.06309032 0.34824130 0.00000000
0.36038260 2.10239100 -0.13708240 1.00000000

-0.11721400 0.67120220 0.73194860 0.00000000
0.31324400 0.72439350 -0.61411150 0.00000000
-0.94241150 0.15729600 -0.29515890 0.00000000
0.29699520 2.10892700 -0.16086160 1.00000000

0.08826195 0.96927740 -0.22958940 0.00000000
-0.93655740 0.00225916 -0.35050680 0.00000000
-0.33921950 0.24595980 0.90798310 0.00000000
0.07514430 1.43805500 0.41338340 1.00000000

0.21954940 0.96889330 -0.11420870 0.00000000
-0.25001980 -0.05727791 -0.96654520 0.00000000
-0.94302070 0.24075880 0.22966720 0.00000000
-0.13911860 1.40592800 0.19645440 1.00000000

-0.07856435 0.92885270 -0.36202280 0.00000000
-0.24980510 0.33321680 0.90915590 0.00000000
0.96510390 0.16186230 0.20585300 0.00000000
0.34469280 1.37354600 0.36559710 1.00000000

0.07532188 0.95413580 -0.28974400 0.00000000
-0.90660200 -0.05546419 -0.41832560 0.00000000
-0.41520990 0.29419140 0.86084370 0.00000000
0.05915661 1.26248200 0.45497060 1.00000000

-0.10183240 0.92624940 -0.36289520 0.00000000
-0.31335000 0.31635650 0.89539430 0.00000000
0.94416240 0.20489320 0.25802470 0.00000000
0.36158140 1.17387700 0.44341900 1.00000000

0.21384540 0.95631200 -0.19934230 0.00000000
-0.15816850 -0.16747420 -0.97310630 0.00000000
-0.96397760 0.23962390 0.11544480 0.00000000
-0.17888710 1.23042400 0.21714210 1.00000000

-0.44805820 -0.16619620 -0.87842080 0.00000000
-0.79803670 0.51723870 0.30919560 0.00000000
0.40296630 0.83954930 -0.36438380 0.00000000
0.23178960 2.01081400 0.08779318 1.00000000

-0.17532090 0.89750560 -0.40465600 0.00000000
-0.58491690 0.23566100 0.77610390 0.00000000
0.79191880 0.37275710 0.48364970 0.00000000
0.28678070 2.03121200 0.19560360 1.00000000

0.66572420 -0.05847491 0.74390370 0.00000000
-0.59805360 0.55438810 0.57878010 0.00000000
-0.44625530 -0.83020170 0.33409810 0.00000000
0.16792190 1.99192200 -0.01293120 1.00000000

0.63157430 0.74765830 -0.20523470 0.00000000
-0.64728730 0.65418270 0.39123550 0.00000000
0.42677130 -0.11424820 0.89711450 0.00000000
0.08621615 1.99909900 -0.10423200 1.00000000

0.20499930 0.96785520 0.14571190 0.00000000
0.87558890 -0.11481580 -0.46921370 0.00000000
-0.43740080 0.22377200 -0.87098040 0.00000000
-0.06420442 1.33362900 -0.15348900 1.00000000

0.38845900 0.92070410 -0.03746755 0.00000000
0.83053200 -0.36744730 -0.41856820 0.00000000
-0.39914480 0.13147830 -0.90741240 0.00000000
-0.10827170 1.12557400 -0.18481190 1.00000000

-0.46777760 0.88369290 0.01647813 0.00000000
0.78590740 0.42440110 -0.44970310 0.00000000
-0.40439270 -0.19741080 -0.89302610 0.00000000
0.19839930 1.56440300 0.23256740 1.00000000

-0.10114800 0.87685190 0.47000030 0.00000000
0.50923010 0.45147670 -0.73270270 0.00000000
-0.85466600 0.16522700 -0.49218560 0.00000000
0.07726727 1.54836000 0.07153146 1.00000000

0.35862830 0.87337170 -0.32955650 0.00000000
0.37540910 -0.45817260 -0.80569610 0.00000000
-0.85466590 0.16522700 -0.49218560 0.00000000
0.13082440 1.08407300 -0.17733040 1.00000000

0.90519130 0.05804538 0.42102290 0.00000000
0.00104174 0.99032380 -0.13877360 0.00000000
-0.42500420 0.12605550 0.89637170 0.00000000
0.47928600 1.40976400 0.28260600 1.00000000

0.80767180 0.52297160 0.27233650 0.00000000
-0.35781880 0.80182950 -0.47857700 0.00000000
-0.46864970 0.28908620 0.83474420 0.00000000
0.48167110 1.45419500 0.32096580 1.00000000

0.66466660 0.74589930 -0.04304538 0.00000000
-0.17657100 0.21280060 0.96100970 0.00000000
0.72597630 -0.63115000 0.27314520 0.00000000
0.44519460 1.47516100 0.23408950 1.00000000

-0.28845550 0.60712560 -0.74040020 0.00000000
0.04402789 0.78086170 0.62315120 0.00000000
0.95648090 0.14715300 -0.25197410 0.00000000
-0.04796095 1.38396900 -0.13417720 1.00000000

-0.10620610 0.87496740 -0.47239050 0.00000000
0.40069450 0.47245650 0.78500320 0.00000000
0.91003560 -0.10591220 -0.40077220 0.00000000
-0.09166798 1.42282500 -0.12398830 1.00000000

-0.31700400 0.71199860 -0.62655150 0.00000000
-0.94836050 -0.23028440 0.21813330 0.00000000
0.01102571 0.66334550 0.74823270 0.00000000
-0.00144558 1.46557800 -0.07620740 1.00000000

-0.42851670 0.90351860 0.00528806 0.00000000
-0.43501530 -0.21143940 0.87524600 0.00000000
0.79191890 0.37275700 0.48364950 0.00000000
0.32468390 1.83717700 0.28308760 1.00000000

0.06063320 0.99337110 0.09766267 0.00000000
-0.90232450 0.01271536 0.43087070 0.00000000
0.42677260 -0.11424820 0.89711400 0.00000000
-0.05032608 1.83746000 -0.05986155 1.00000000

-0.23299900 0.58140830 0.77953610 0.00000000
0.27773390 0.80799610 -0.51962210 0.00000000
-0.93197390 0.09543195 -0.34973880 0.00000000
0.33441540 2.12267500 -0.15944370 1.00000000

-0.23254330 0.58136150 0.77970680 0.00000000
0.27818860 0.80794910 -0.51945150 0.00000000
-0.93195220 0.09611050 -0.34961110 0.00000000
0.33656280 2.10405300 -0.17039620 1.00000000

0.02850881 0.97323190 -0.22805060 0.00000000
0.91414120 -0.11768120 -0.38793950 0.00000000
-0.40439230 -0.19741080 -0.89302640 0.00000000
0.44608410 1.09649400 0.22384230 1.00000000

-0.12599420 0.95744170 -0.25967450 0.00000000
-0.90616850 -0.21760140 -0.36264130 0.00000000
-0.40371360 0.18961850 0.89502010 0.00000000
0.46619220 1.53881000 0.28134130 1.00000000

0.47990600 0.74955770 0.45591040 0.00000000
-0.49262480 -0.19977490 0.84700160 0.00000000
0.72595580 -0.63107350 0.27337720 0.00000000
0.46695780 1.50915300 0.25476450 1.00000000

0.38925930 0.91947750 0.05512195 0.00000000
-0.81725220 0.37235020 -0.43983490 0.00000000
-0.42494310 0.12616150 0.89638590 0.00000000
0.49307830 1.44234300 0.28455900 1.00000000

0.06301889 0.95641980 0.28511510 0.00000000
0.28488950 -0.29103530 0.91331120 0.00000000
0.95648700 0.02367021 -0.29081460 0.00000000
-0.07034893 1.50942100 -0.09211249 1.00000000

-0.82585100 0.42814800 -0.36696040 0.00000000
-0.56376900 -0.61349280 0.55298440 0.00000000
0.01163168 0.66356350 0.74803050 0.00000000
-0.03889678 1.48499400 -0.09284846 1.00000000

-0.13107990 0.98834510 0.07741236 0.00000000
0.26037230 -0.04102323 0.96463690 0.00000000
0.95656960 0.14660040 -0.25196020 0.00000000
-0.05260539 1.41898800 -0.13143440 1.00000000

-1.00000000 0.00000000 0.00000000 0.00000000
0.00000000 1.00000000 0.00000000 0.00000000
0.00000000 0.00000000 -1.00000000 0.00000000
0.00000000 0.00000000 0.00000000 1.00000000

-0.01340163 0.95926790 -0.28218220 0.00000000
0.52839310 0.24638000 0.81246450 0.00000000
0.84889420 -0.13821460 -0.51017210 0.00000000
0.42582370 2.37256700 -0.20573280 1.00000000

-0.27272530 0.92447930 -0.26638250 0.00000000
0.95450210 0.29470640 0.04554782 0.00000000
0.12061270 -0.24184060 -0.96279110 0.00000000
0.14761330 2.34436400 -0.27396510 1.00000000

-0.03619364 0.70537070 -0.70791420 0.00000000
-0.11784860 0.70042290 0.70393170 0.00000000
0.99237170 0.10890450 0.05777614 0.00000000
0.28476640 2.56661400 -0.27686720 1.00000000

-0.11512490 0.98178620 -0.15113670 0.00000000
-0.55564580 0.06247195 0.82906900 0.00000000
0.82341020 0.17942500 0.53833350 0.00000000
0.29093890 2.44632200 -0.15614100 1.00000000

-0.02930376 0.72379000 -0.68939820 0.00000000
0.84722510 0.38397370 0.36711650 0.00000000
0.53042540 -0.57331740 -0.62446470 0.00000000
0.42174840 2.47322600 -0.30160880 1.00000000

-0.11678870 -0.49385000 0.86166860 0.00000000
0.19048490 -0.86263660 -0.46858670 0.00000000
0.97471840 0.10940920 0.19481740 0.00000000
0.30319370 2.37055300 -0.33030830 1.00000000

-0.52393570 0.58158910 -0.62229110 0.00000000
0.85151240 0.37518330 -0.36628400 0.00000000
0.02044621 -0.72179770 -0.69180200 0.00000000
0.36794940 2.36335000 -0.50473690 1.00000000

0.11211510 0.70763160 -0.69763010 0.00000000
0.99334460 -0.09845398 0.05977419 0.00000000
-0.02638638 -0.69968870 -0.71396020 0.00000000
0.40717980 2.31980300 -0.45814230 1.00000000

0.95939950 0.05915266 -0.27577780 0.00000000
0.27774710 -0.36828970 0.88725410 0.00000000
-0.04908276 -0.92782740 -0.36976650 0.00000000
0.32723350 2.35359500 -0.50982870 1.00000000

0.44162980 0.18497310 -0.87792270 0.00000000
0.89569720 -0.14745700 0.41950310 0.00000000
-0.05185902 -0.97161790 -0.23080120 0.00000000
0.25923700 2.34940300 -0.49028350 1.00000000

0.21352170 0.30496970 -0.92811760 0.00000000
0.97664000 -0.09011222 0.19507500 0.00000000
-0.02414283 -0.94808920 -0.31708630 0.00000000
0.22734230 2.33604400 -0.42687950 1.00000000

0.57890240 -0.00680307 -0.81536900 0.00000000
0.74013170 -0.41523220 0.52894960 0.00000000
-0.34216600 -0.90969040 -0.23534370 0.00000000
0.21635820 2.45253200 -0.45159560 1.00000000

0.02840778 0.78326140 -0.62104330 0.00000000
0.99200770 -0.09850336 -0.07885658 0.00000000
-0.12294020 -0.61383960 -0.77979970 0.00000000
0.15156390 2.45329300 -0.36033470 1.00000000

0.11967380 -0.22799790 -0.96627920 0.00000000
-0.01388444 0.97279440 -0.23125470 0.00000000
0.99271620 0.04109136 0.11325260 0.00000000
0.30199730 2.53378500 -0.41599270 1.00000000

-0.10553120 0.00924484 -0.99437330 0.00000000
0.87689030 0.47244170 -0.08867062 0.00000000
0.46896340 -0.88131380 -0.05796406 0.00000000
0.40993650 2.47426000 -0.41290510 1.00000000

-0.26980310 -0.54913720 0.79098330 0.00000000
0.50313120 -0.78078890 -0.37044250 0.00000000
0.82101460 0.29802180 0.48694750 0.00000000
0.19763240 2.19562700 -0.00742232 1.00000000

-0.26507220 -0.12254280 0.95640980 0.00000000
0.10850560 -0.98938200 -0.09669490 0.00000000
0.95810380 0.07814454 0.27555430 0.00000000
0.28065560 2.36298800 -0.24979730 1.00000000

-0.19000610 0.86269070 0.46868170 0.00000000
0.11726200 0.49390200 -0.86157440 0.00000000
-0.97475490 -0.10874580 -0.19500540 0.00000000
0.32739060 2.29756200 -0.37480480 1.00000000

-0.19048780 0.86263670 0.46858500 0.00000000
0.11679200 0.49384910 -0.86166840 0.00000000
-0.97471750 -0.10941040 -0.19482160 0.00000000
0.31388360 2.29604600 -0.37750450 1.00000000

0.17952270 -0.98375370 0.00031886 0.00000000
0.56795140 0.10337940 -0.81654370 0.00000000
0.80324490 0.14676920 0.57728340 0.00000000
0.21025450 1.96533800 0.06490897 1.00000000

0.11634360 -0.96581150 0.23167200 0.00000000
0.59207250 -0.11983840 -0.79692440 0.00000000
0.79744210 0.22988370 0.55788830 0.00000000
0.20308500 2.05156900 0.05296182 1.00000000

-0.02894047 -0.86747130 0.49664450 0.00000000
0.55700540 -0.42655790 -0.71259590 0.00000000
0.83000420 0.25601090 0.49553130 0.00000000
0.19513540 2.11726000 0.03726296 1.00000000

0.86317470 -0.24340820 0.44235910 0.00000000
0.39812840 0.86694550 -0.29983090 0.00000000
-0.31051990 0.43492240 0.84523370 0.00000000
0.66180530 1.82288100 -0.05152924 1.00000000

-0.60087150 0.43720500 -0.66918250 0.00000000
0.70264150 0.68803450 -0.18139300 0.00000000
0.38111470 -0.57918930 -0.72061880 0.00000000
-0.19495300 1.82242400 0.02208295 1.00000000

-0.10340150 0.99380340 -0.04077911 0.00000000
0.19807270 -0.01960358 -0.97999140 0.00000000
-0.97471810 -0.10940980 -0.19481870 0.00000000
0.30873920 2.36956100 -0.35749390 1.00000000

-0.19048760 0.86263660 0.46858550 0.00000000
0.11679200 0.49384950 -0.86166850 0.00000000
-0.97471760 -0.10941020 -0.19482150 0.00000000
0.34478660 2.30823600 -0.35927120 1.00000000

-0.19048840 0.86263670 0.46858540 0.00000000
0.11679220 0.49384980 -0.86166830 0.00000000
-0.97471760 -0.10941080 -0.19482210 0.00000000
0.29004170 2.30209000 -0.37021280 1.00000000

0.35826990 0.92824110 0.10005470 0.00000000
-0.06181934 0.13051980 -0.98951650 0.00000000
-0.93156900 0.34832890 0.10414440 0.00000000
-0.09845240 1.97696900 0.03781978 1.00000000

0.40095190 0.91526420 0.03910016 0.00000000
0.16309250 -0.02931683 -0.98617510 0.00000000
-0.90146440 0.40178590 -0.16102750 0.00000000
-0.15403770 1.83295400 0.02229650 1.00000000

0.57572260 0.81761660 0.00685684 0.00000000
0.51236270 -0.35421840 -0.78231290 0.00000000
-0.63720330 0.45390860 -0.62284770 0.00000000
-0.20639750 1.71343000 0.01718901 1.00000000

0.79675380 0.58312260 0.15859170 0.00000000
0.60411000 -0.76193360 -0.23347000 0.00000000
-0.01530564 0.28182530 -0.95934350 0.00000000
-0.30925760 1.56735200 0.01596403 1.00000000

-0.21074470 0.73988440 0.63887230 0.00000000
-0.07424361 -0.66377740 0.74423650 0.00000000
0.97471790 0.10941170 0.19481940 0.00000000
0.36208050 2.34052000 -0.41924310 1.00000000

-0.03969821 0.94283750 -0.33088110 0.00000000
0.21988440 -0.31478160 -0.92334350 0.00000000
-0.97471810 -0.10941070 -0.19481920 0.00000000
0.36210070 2.34049600 -0.41933060 1.00000000

0.31803430 0.93263670 -0.17041970 0.00000000
-0.90764530 0.24757670 -0.33894720 0.00000000
-0.27392230 0.26247780 0.92524180 0.00000000
0.16390220 1.87050300 0.27488810 1.00000000

0.34094080 0.88900600 -0.30565900 0.00000000
-0.89937890 0.21381500 -0.38131420 0.00000000
-0.27363600 0.40490930 0.87245190 0.00000000
0.12237160 1.74871100 0.29714350 1.00000000

0.23382020 0.96355050 -0.12999410 0.00000000
-0.95874960 0.20626910 -0.19558020 0.00000000
-0.16163740 0.17036280 0.97203410 0.00000000
0.20017910 2.01999700 0.25471970 1.00000000

0.22434150 0.84104820 -0.49224910 0.00000000
-0.95436440 0.08743584 -0.28555840 0.00000000
-0.19712770 0.53384760 0.82228200 0.00000000
0.06145816 1.58987800 0.35175340 1.00000000

-0.19568580 0.83885400 0.50796750 0.00000000
-0.10784620 -0.53324810 0.83905650 0.00000000
0.97471860 0.10940910 0.19481640 0.00000000
0.29036500 2.33247000 -0.43357730 1.00000000

-0.04781921 0.95323850 -0.29841240 0.00000000
0.21817820 -0.28157220 -0.93440630 0.00000000
-0.97473670 -0.10978960 -0.19451160 0.00000000
0.29038510 2.33244600 -0.43366460 1.00000000

0.14676230 0.98115850 -0.12565230 0.00000000
0.54453150 -0.18618490 -0.81781460 0.00000000
-0.82580020 0.05160278 -0.56159680 0.00000000
0.50862680 1.01280900 0.02487740 1.00000000

-0.04878317 0.94730260 -0.31660410 0.00000000
0.05416343 -0.31400590 -0.94787470 0.00000000
-0.99733950 -0.06338872 -0.03599099 0.00000000
0.09881534 1.12802700 -0.07090475 1.00000000

-0.29741560 0.73993220 -0.60336100 0.00000000
-0.13757790 0.59214820 0.79399780 0.00000000
0.94478340 0.31915650 -0.07431564 0.00000000
0.32868420 2.24274600 0.01595840 1.00000000

0.19367270 0.90246340 -0.38477380 0.00000000
-0.20235640 0.42051270 0.88443240 0.00000000
0.95997000 -0.09342908 0.26406150 0.00000000
0.39460930 2.07873300 0.14969940 1.00000000

0.34290020 0.32203690 -0.88244620 0.00000000
-0.92845130 0.25900950 -0.26625510 0.00000000
0.14281820 0.91060760 0.38781020 0.00000000
0.21683380 2.26151600 0.08667649 1.00000000

