MeshAnim
1
55
79
30
0.77101240 -0.00988551 -0.63674350 0.00000000
-0.01891703 0.99908270 -0.03841689 0.00000000
0.63653920 0.04166519 0.77011810 0.00000000
0.01237277 0.88258880 0.05137447 1.00000000

0.94507770 0.16080310 0.28455330 0.00000000
0.24530430 -0.92430140 -0.29239210 0.00000000
0.21599530 0.34613540 -0.91298230 0.00000000
0.11171420 0.85000730 -0.03595850 1.00000000

0.94507770 0.16080310 0.28455330 0.00000000
0.13748850 -0.98541920 0.10023140 0.00000000
0.29652160 -0.05560366 -0.95340630 0.00000000
0.21973500 0.44298730 -0.16471460 1.00000000

0.99132810 0.06231824 -0.11569340 0.00000000
0.06203510 -0.99805600 -0.00605070 0.00000000
-0.11584550 -0.00117882 -0.99326680 0.00000000
0.26358860 0.12867630 -0.13274460 1.00000000

0.99116870 0.06228920 -0.11706720 0.00000000
0.06660186 -0.99722440 0.03329109 0.00000000
-0.11466850 -0.04079395 -0.99256620 0.00000000
0.25417890 0.02452701 -0.26947170 1.00000000

0.56900570 -0.23259220 -0.78875430 0.00000000
0.23881670 0.96456620 -0.11215460 0.00000000
0.78689210 -0.12455110 0.60439060 0.00000000
-0.09264131 0.85262700 0.13280920 1.00000000

0.56900460 -0.23259690 -0.78875380 0.00000000
-0.09397140 0.93448950 -0.34336390 0.00000000
0.81694750 0.26949590 0.50987140 0.00000000
-0.19780510 0.42787690 0.18219690 1.00000000

0.44429870 -0.10249550 -0.88999630 0.00000000
0.05992611 0.99460910 -0.08462718 0.00000000
0.89387230 -0.01573429 0.44804560 0.00000000
-0.16783200 0.12981010 0.29171720 1.00000000

0.43528000 -0.10270190 -0.89441810 0.00000000
-0.03788706 0.99050250 -0.13217300 0.00000000
0.89949760 0.09141918 0.42725480 0.00000000
-0.29655320 0.02833748 0.23914330 1.00000000

0.78026320 -0.01236937 -0.62532900 0.00000000
-0.00303019 0.99971800 -0.02355596 0.00000000
0.62544400 0.02027470 0.78000560 0.00000000
0.01174564 1.01899700 0.04849735 1.00000000

0.80547560 -0.03618800 -0.59152310 0.00000000
-0.04353745 0.99182340 -0.11996230 0.00000000
0.59102760 0.12238010 0.79731400 0.00000000
0.01122285 1.19147800 0.04443326 1.00000000

0.83185740 -0.04862347 -0.55285540 0.00000000
-0.19325780 0.90843050 -0.37068270 0.00000000
0.52025450 0.41519880 0.74628760 0.00000000
0.00950092 1.37889000 0.03062306 1.00000000

-0.08991030 0.91199020 -0.40023760 0.00000000
0.88731410 -0.10915900 -0.44806030 0.00000000
-0.45231600 -0.39542160 -0.79940710 0.00000000
0.04841525 1.46731100 -0.03308556 1.00000000

0.53799550 0.20023130 -0.81882130 0.00000000
0.52544060 -0.83923130 0.14001150 0.00000000
-0.65914570 -0.50556750 -0.55671220 0.00000000
0.24708430 1.44287000 -0.13340600 1.00000000

0.54890950 0.17581960 -0.81718170 0.00000000
0.08600245 -0.98431940 -0.15401090 0.00000000
-0.83144560 0.01425850 -0.55542300 0.00000000
0.40417260 1.19197000 -0.09154806 1.00000000

0.56744330 0.23295030 -0.78977360 0.00000000
-0.22988480 -0.87618980 -0.42360900 0.00000000
-0.79067130 0.42193120 -0.44363610 0.00000000
0.42577420 0.94473450 -0.13023160 1.00000000

-0.51890340 -0.07726268 0.85133420 0.00000000
-0.79067130 0.42193120 -0.44363610 0.00000000
-0.32492790 -0.90332980 -0.28003090 0.00000000
0.37452200 0.92241050 -0.16155410 1.00000000

-0.40082460 -0.87179370 -0.28163000 0.00000000
-0.50364040 -0.04711047 0.86262810 0.00000000
-0.76530120 0.48760290 -0.42018740 0.00000000
0.33741220 0.85367960 -0.21467390 1.00000000

-0.43417940 0.09462868 0.89584240 0.00000000
0.47284000 0.87039740 0.13722610 0.00000000
-0.76675330 0.48317090 -0.42265290 0.00000000
0.30972910 0.85109010 -0.16725870 1.00000000

-0.31749390 -0.90209960 -0.29225680 0.00000000
-0.52512340 -0.08936886 0.84632060 0.00000000
-0.78958390 0.42217250 -0.44533940 0.00000000
0.37334340 0.83365690 -0.19692140 1.00000000

-0.45588360 0.08942501 0.88553580 0.00000000
0.41091820 0.90370260 0.12028540 0.00000000
-0.78950390 0.41871880 -0.44872930 0.00000000
0.34372460 0.82944600 -0.14848270 1.00000000

-0.33736240 -0.91701970 -0.21274850 0.00000000
-0.50418800 -0.01483849 0.86346630 0.00000000
-0.79497230 0.39856620 -0.45734440 0.00000000
0.40464340 0.81507370 -0.17410990 1.00000000

-0.45967080 0.09621129 0.88286240 0.00000000
0.39588100 0.91207930 0.10672390 0.00000000
-0.79497230 0.39856620 -0.45734440 0.00000000
0.37738450 0.81427130 -0.12742660 1.00000000

-0.33910580 -0.91508910 -0.21821830 0.00000000
-0.50496300 -0.01865758 0.86293950 0.00000000
-0.79373780 0.40282010 -0.45575900 0.00000000
0.43024860 0.80073330 -0.15386070 1.00000000

-0.41589740 0.19607250 0.88802300 0.00000000
0.44271900 0.89661150 0.00937475 0.00000000
-0.79437330 0.39704380 -0.45970340 0.00000000
0.40539510 0.80054800 -0.11079730 1.00000000

-0.59323420 0.59144650 -0.54613570 0.00000000
-0.72213300 -0.69080130 0.03629503 0.00000000
-0.35580470 0.41591410 0.83691010 0.00000000
0.32889450 0.91753740 -0.16855850 1.00000000

-0.98064490 -0.09836458 -0.16929190 0.00000000
0.01837869 -0.90706990 0.42057890 0.00000000
-0.19492960 0.40932720 0.89132130 0.00000000
0.28486810 0.87743160 -0.16734470 1.00000000

0.55012150 0.17579860 -0.81637050 0.00000000
0.08600245 -0.98431940 -0.15401090 0.00000000
-0.83064410 0.01451490 -0.55661430 0.00000000
0.41403170 1.07913000 -0.10920360 1.00000000

0.74316050 0.37256610 -0.55579420 0.00000000
0.52544060 -0.83923130 0.14001150 0.00000000
-0.41427620 -0.39608780 -0.81944450 0.00000000
0.24708430 1.44287000 -0.13340600 1.00000000

0.61874010 0.26394730 -0.73992740 0.00000000
0.52544060 -0.83923130 0.14001150 0.00000000
-0.58401440 -0.47541860 -0.65795450 0.00000000
0.34691810 1.28341600 -0.10680380 1.00000000

0.43344490 0.51770160 -0.73763870 0.00000000
0.71170850 -0.69875450 -0.07220316 0.00000000
-0.55280790 -0.49368750 -0.67132400 0.00000000
0.29078530 1.48795800 -0.20010350 1.00000000

0.95786750 0.25383230 -0.13438400 0.00000000
-0.28117250 0.73331650 -0.61902270 0.00000000
-0.05858189 0.63072690 0.77379060 0.00000000
-0.02613816 1.54241000 -0.03738299 1.00000000

0.99522640 0.08942598 0.03908297 0.00000000
-0.07682738 0.96485160 -0.25131530 0.00000000
-0.06018355 0.24711300 0.96711590 0.00000000
-0.06022705 1.63131500 -0.11243230 1.00000000

0.99522640 0.08942598 0.03908297 0.00000000
-0.07682738 0.96485160 -0.25131530 0.00000000
-0.06018355 0.24711300 0.96711590 0.00000000
-0.05727337 1.65480900 -0.24140240 1.00000000

0.96735120 -0.22452110 0.11756670 0.00000000
-0.25213180 -0.89961500 0.35654280 0.00000000
0.02571338 -0.37454450 -0.92685280 0.00000000
-0.00602680 1.65565400 -0.21495300 1.00000000

0.94370380 0.32980390 -0.02554345 0.00000000
-0.31689710 0.87922050 -0.35573530 0.00000000
-0.09486467 0.34380350 0.93423780 0.00000000
-0.11093810 1.64457900 -0.21770540 1.00000000

0.99522640 0.08942596 0.03908294 0.00000000
0.07682738 -0.96485160 0.25131530 0.00000000
0.06018344 -0.24711300 -0.96711600 0.00000000
-0.02283810 1.67398000 -0.21159340 1.00000000

0.99522640 0.08942598 0.03908297 0.00000000
-0.07682738 0.96485160 -0.25131530 0.00000000
-0.06018355 0.24711300 0.96711590 0.00000000
-0.09678379 1.66733500 -0.21449710 1.00000000

0.97178180 0.22492010 -0.07107270 0.00000000
0.23569250 -0.93795820 0.25432990 0.00000000
-0.00945938 -0.26390440 -0.96450250 0.00000000
-0.04042626 1.66952600 -0.25087810 1.00000000

0.97929120 0.20224430 0.00926459 0.00000000
-0.19330430 0.94764580 -0.25416740 0.00000000
-0.06018355 0.24711300 0.96711590 0.00000000
-0.07220445 1.66816600 -0.25359900 1.00000000

0.97525530 0.10475110 0.19469070 0.00000000
0.09779416 -0.99418740 0.04503559 0.00000000
0.19827660 -0.02488152 -0.97983040 0.00000000
0.00674989 1.69418000 -0.23405420 1.00000000

0.99516560 0.07879769 -0.05862063 0.00000000
-0.08549990 0.98879920 -0.12233650 0.00000000
0.04832423 0.12675710 0.99075590 0.00000000
-0.12771960 1.68305900 -0.24067070 1.00000000

0.98019180 0.19777410 0.01046294 0.00000000
0.18855560 -0.94805770 0.25619080 0.00000000
0.06058726 -0.24914330 -0.96656980 0.00000000
-0.02285153 1.67419700 -0.21174770 1.00000000

0.99753740 -0.02006534 0.06720352 0.00000000
0.03840423 0.95805410 -0.28400270 0.00000000
-0.05868608 0.28588440 0.95646550 0.00000000
-0.09678192 1.66732700 -0.21452760 1.00000000

0.99374070 0.10756290 0.03016159 0.00000000
-0.09758978 0.96727600 -0.23420870 0.00000000
-0.05436689 0.22979930 0.97171840 0.00000000
-0.05925000 1.63804700 -0.15271410 1.00000000

0.95935610 0.28219500 0.00127080 0.00000000
0.27689040 -0.94217250 0.18879390 0.00000000
0.05447409 -0.18076870 -0.98201600 0.00000000
-0.02993484 1.59963800 -0.24897130 1.00000000

0.99292800 0.11529890 0.02828670 0.00000000
-0.10621400 0.96920120 -0.22218950 0.00000000
-0.05303377 0.21761370 0.97459320 0.00000000
-0.05184156 1.59853100 -0.25263890 1.00000000

0.99608660 -0.06661863 0.05808240 0.00000000
0.07600619 0.98104700 -0.17824210 0.00000000
-0.04510742 0.18195910 0.98227100 0.00000000
-0.07607774 1.59542900 -0.24831320 1.00000000

0.99380420 0.09981118 0.04889953 0.00000000
0.08230831 -0.95655610 0.27968960 0.00000000
0.07469133 -0.27393180 -0.95884460 0.00000000
-0.00599132 1.60859400 -0.21647030 1.00000000

0.99285260 0.11853200 0.01393166 0.00000000
-0.10989680 0.95350530 -0.28062470 0.00000000
-0.04654694 0.27708800 0.95971660 0.00000000
-0.10450200 1.59966000 -0.21730570 1.00000000

0.98772290 0.15407820 0.02575701 0.00000000
0.13774830 -0.93680140 0.32160350 0.00000000
0.07368129 -0.31410710 -0.94652430 0.00000000
-0.03032239 1.61532200 -0.24004480 1.00000000

0.99458190 0.09711669 0.03708574 0.00000000
-0.08037259 0.94461230 -0.31819500 0.00000000
-0.06593379 0.31349040 0.94729970 0.00000000
-0.05305417 1.61049800 -0.24418630 1.00000000

0.99783920 0.05147598 0.04082969 0.00000000
-0.03508121 0.94285510 -0.33135190 0.00000000
-0.05555335 0.32920350 0.94262350 0.00000000
-0.07841879 1.61173000 -0.24045940 1.00000000

0.99519490 0.08982126 0.03898013 0.00000000
0.06867889 -0.92409380 0.37594450 0.00000000
0.06978908 -0.37146090 -0.92582190 0.00000000
-0.03688357 1.63922500 -0.23835890 1.00000000

0.99519490 0.08982126 0.03898013 0.00000000
-0.06867890 0.92409380 -0.37594450 0.00000000
-0.06978902 0.37146090 0.92582200 0.00000000
-0.05443526 1.62885800 -0.25428980 1.00000000

0.99519490 0.08982126 0.03898013 0.00000000
-0.06867890 0.92409380 -0.37594450 0.00000000
-0.06978902 0.37146090 0.92582200 0.00000000
-0.07477960 1.63553100 -0.23977380 1.00000000

0.99522640 0.08942598 0.03908297 0.00000000
-0.07685228 0.96495380 -0.25091480 0.00000000
-0.06015167 0.24671350 0.96721990 0.00000000
-0.06618313 1.72176000 -0.16771530 1.00000000

0.24889120 -0.92550870 0.28545930 0.00000000
0.78590760 0.02073754 -0.61799620 0.00000000
0.56604110 0.37815830 0.73252560 0.00000000
-0.05688582 1.47346200 0.03690102 1.00000000

0.05636373 -0.29249890 -0.95460330 0.00000000
0.51431600 0.82800820 -0.22334170 0.00000000
0.85574660 -0.47837940 0.19710640 0.00000000
-0.23285010 1.46882700 0.17526530 1.00000000

0.11392200 -0.22895050 -0.96674900 0.00000000
0.72709790 -0.64389650 0.23817240 0.00000000
-0.67701580 -0.73005430 0.09311548 0.00000000
-0.38661460 1.22127800 0.24203530 1.00000000

0.38455320 -0.09888540 -0.91779120 0.00000000
0.43991860 -0.85444860 0.27638600 0.00000000
-0.81153570 -0.51003850 -0.28507940 0.00000000
-0.56924300 1.38300700 0.18221330 1.00000000

-0.42259420 0.17540330 0.88918390 0.00000000
-0.81153570 -0.51003850 -0.28507940 0.00000000
0.40351410 -0.84207770 0.35788540 0.00000000
-0.57167220 1.48312000 0.11643290 1.00000000

0.46379270 -0.27566710 -0.84196440 0.00000000
0.19782240 -0.89414090 0.40171990 0.00000000
-0.86357550 -0.35287420 -0.36016290 0.00000000
-0.57129810 1.53378200 0.16002830 1.00000000

0.27522100 -0.94305990 0.18679330 0.00000000
-0.45487950 0.04343212 0.88949340 0.00000000
-0.84695820 -0.32977560 -0.41702530 0.00000000
-0.58217140 1.58292900 0.13794690 1.00000000

0.55641480 -0.81813840 0.14509310 0.00000000
-0.36247550 -0.08187337 0.92839030 0.00000000
-0.74767240 -0.56916270 -0.34211060 0.00000000
-0.60903220 1.51264100 0.14835270 1.00000000

-0.31854880 -0.14827810 0.93623730 0.00000000
-0.58678890 0.80654050 -0.07191414 0.00000000
-0.74444970 -0.57228180 -0.34393030 0.00000000
-0.58783970 1.51654200 0.09565520 1.00000000

0.45240530 -0.84762960 0.27722540 0.00000000
-0.48595410 0.02634683 0.87358740 0.00000000
-0.74778220 -0.52993420 -0.39998950 0.00000000
-0.64167580 1.48991200 0.13212870 1.00000000

-0.33036460 -0.21198320 0.91974060 0.00000000
-0.66459080 0.74417990 -0.06719697 0.00000000
-0.67020770 -0.63345070 -0.38673270 0.00000000
-0.61540240 1.48848800 0.08489811 1.00000000

0.47088110 -0.84872450 0.24070280 0.00000000
-0.56391610 -0.07975091 0.82197230 0.00000000
-0.67843170 -0.52278740 -0.51616260 0.00000000
-0.66762390 1.46982200 0.11818790 1.00000000

-0.42837270 -0.23370560 0.87285670 0.00000000
-0.74124250 0.64333220 -0.19152950 0.00000000
-0.51677510 -0.72904450 -0.44881840 0.00000000
-0.63919430 1.47312100 0.07753044 1.00000000

-0.76009790 0.28612220 -0.58342560 0.00000000
-0.63881080 -0.16453400 0.75156470 0.00000000
0.11904590 0.94396110 0.30783990 0.00000000
-0.52198290 1.47058500 0.16583010 1.00000000

-0.62786640 0.26946960 0.73018480 0.00000000
0.42994590 -0.66194370 0.61398490 0.00000000
0.64879130 0.69944020 0.29975480 0.00000000
-0.48661840 1.48159800 0.12673240 1.00000000

0.22084520 -0.10911260 -0.96918610 0.00000000
0.72709790 -0.64389650 0.23817240 0.00000000
-0.65004310 -0.75729250 -0.06286585 0.00000000
-0.46997100 1.29509400 0.21472890 1.00000000

0.85496350 -0.51544950 0.05787182 0.00000000
0.51431600 0.82800820 -0.22334170 0.00000000
0.06720299 0.22071340 0.97302080 0.00000000
-0.23285010 1.46882700 0.17526530 1.00000000

0.69176990 -0.55447460 -0.46261500 0.00000000
0.51431600 0.82800820 -0.22334170 0.00000000
0.50688620 -0.08342925 0.85796620 0.00000000
-0.33057030 1.31150400 0.21769830 1.00000000

0.80581820 -0.58904370 -0.06070143 0.00000000
0.42118850 0.64219080 -0.64046180 0.00000000
0.41624180 0.49052900 0.76558740 0.00000000
-0.30774330 1.52068000 0.18490450 1.00000000

0.99607160 -0.08855277 0.00000003 0.00000000
0.08855277 0.99607150 0.00000000 0.00000000
-0.00000003 0.00000000 1.00000000 0.00000000
-0.15045200 0.92814790 0.11264840 1.00000000

1.00000000 0.00000000 0.00000000 0.00000000
0.00000000 1.00000000 0.00000000 0.00000000
0.00000000 0.00000000 1.00000000 0.00000000
0.00000000 0.00000000 0.00000000 1.00000000

1.00000000 0.00000000 0.00000000 0.00000000
0.00000000 1.00000000 0.00000000 0.00000000
0.00000000 0.00000000 1.00000000 0.00000000
0.00000000 0.00000000 0.00000000 1.00000000

0.79193710 0.02097003 -0.61024240 0.00000000
-0.03766344 0.99918470 -0.01454201 0.00000000
0.60943990 0.03450019 0.79208120 0.00000000
0.01642687 0.88638040 0.03986583 1.00000000

0.94126710 0.14511000 0.30489210 0.00000000
0.22749810 -0.93978240 -0.25505630 0.00000000
0.24952100 0.30943850 -0.91759850 0.00000000
0.11926970 0.85792340 -0.04481519 1.00000000

0.94126710 0.14511000 0.30489210 0.00000000
0.12768330 -0.98886400 0.07645330 0.00000000
0.31259100 -0.03303335 -0.94931330 0.00000000
0.21944950 0.44408620 -0.15713030 1.00000000

0.99326430 0.06236511 -0.09765568 0.00000000
0.06207220 -0.99805340 -0.00603751 0.00000000
-0.09784198 -0.00006484 -0.99520190 0.00000000
0.26017560 0.12867640 -0.13274460 1.00000000

0.99312970 0.06233747 -0.09903213 0.00000000
0.06593549 -0.99726220 0.03348087 0.00000000
-0.09667382 -0.03978055 -0.99452070 0.00000000
0.25323670 0.02468020 -0.26973550 1.00000000

0.55619900 -0.25106450 -0.79221800 0.00000000
0.22594630 0.96304980 -0.14657140 0.00000000
0.79974430 -0.09747582 0.59237440 0.00000000
-0.09063189 0.85236480 0.11692840 1.00000000

0.55619800 -0.25106850 -0.79221740 0.00000000
-0.06990302 0.93576080 -0.34563740 0.00000000
0.82810460 0.24762120 0.50291790 0.00000000
-0.19012810 0.42828250 0.18147170 1.00000000

0.44429860 -0.10249550 -0.88999630 0.00000000
0.05992602 0.99460900 -0.08462712 0.00000000
0.89387240 -0.01573423 0.44804570 0.00000000
-0.16783190 0.12981020 0.29171720 1.00000000

0.43528820 -0.10270120 -0.89441420 0.00000000
-0.03776931 0.99051430 -0.13211720 0.00000000
0.89949860 0.09129050 0.42728030 0.00000000
-0.29655310 0.02833760 0.23914320 1.00000000

0.79933890 0.01515910 -0.60068920 0.00000000
-0.01707249 0.99985110 0.00251401 0.00000000
0.60063790 0.00824572 0.79947870 0.00000000
0.01315947 1.02278100 0.04031276 1.00000000

0.83040770 -0.01861252 -0.55684520 0.00000000
-0.04243771 0.99442540 -0.09652479 0.00000000
0.55553760 0.10378610 0.82498870 0.00000000
0.01021397 1.19528400 0.04074650 1.00000000

0.85939940 -0.04012440 -0.50972820 0.00000000
-0.18485190 0.90510350 -0.38290660 0.00000000
0.47672060 0.42329390 0.77042820 0.00000000
0.00831128 1.38298200 0.03163529 1.00000000

-0.09969747 0.91098880 -0.40020000 0.00000000
0.90317250 -0.08592490 -0.42059080 0.00000000
-0.41754060 -0.40338150 -0.81421350 0.00000000
0.04936958 1.47169600 -0.03029504 1.00000000

0.49537060 0.30947550 -0.81168530 0.00000000
0.67224010 -0.72836950 0.13255790 0.00000000
-0.55018320 -0.61131260 -0.56885470 0.00000000
0.25158940 1.45245700 -0.12446510 1.00000000

0.51786280 0.27593390 -0.80974000 0.00000000
0.02727456 -0.95139560 -0.30676240 0.00000000
-0.85502900 0.13677550 -0.50021830 0.00000000
0.45256530 1.23470100 -0.08483544 1.00000000

0.80439720 0.32195770 -0.49928810 0.00000000
-0.13575330 -0.71857480 -0.68207170 0.00000000
-0.57837410 0.61643640 -0.53431250 0.00000000
0.45941600 0.99573510 -0.16188620 1.00000000

-0.76860320 -0.19228750 0.61014320 0.00000000
-0.57837410 0.61643640 -0.53431250 0.00000000
-0.27337290 -0.76356540 -0.58500900 0.00000000
0.43686160 1.01425000 -0.20033240 1.00000000

0.20378710 -0.49533330 -0.84446200 0.00000000
-0.86354610 -0.49733750 0.08332902 0.00000000
-0.46125810 0.71225050 -0.52909380 0.00000000
0.39736770 0.93908270 -0.28904690 1.00000000

-0.72591300 -0.66547720 -0.17375510 0.00000000
-0.48187380 0.31182790 0.81887830 0.00000000
-0.49076300 0.67816230 -0.54703580 0.00000000
0.34990200 0.91174600 -0.28446670 1.00000000

0.19422460 -0.53316680 -0.82341370 0.00000000
-0.79347130 -0.57893880 0.18770540 0.00000000
-0.57678450 0.61689830 -0.53549670 0.00000000
0.42437200 0.91078880 -0.26719890 1.00000000

-0.70897930 -0.70109470 -0.07625502 0.00000000
-0.43398080 0.34850050 0.83078800 0.00000000
-0.55588600 0.62210460 -0.55134110 0.00000000
0.37899730 0.87836440 -0.25574820 1.00000000

0.14590050 -0.59294100 -0.79191800 0.00000000
-0.80181260 -0.53976430 0.25641950 0.00000000
-0.57949090 0.59755810 -0.55417940 0.00000000
0.44546460 0.88339960 -0.24169740 1.00000000

-0.70045090 -0.71091630 -0.06298357 0.00000000
-0.44056450 0.36127020 0.82181950 0.00000000
-0.56149070 0.60339240 -0.56625650 0.00000000
0.40211440 0.85421730 -0.22783400 1.00000000

0.12085430 -0.53383370 -0.83690880 0.00000000
-0.73217900 -0.61723620 0.28798170 0.00000000
-0.67030470 0.57796320 -0.46545730 0.00000000
0.46226300 0.86147030 -0.21915360 1.00000000

-0.64629300 -0.75676340 0.09805417 0.00000000
-0.28864820 0.36139080 0.88661110 0.00000000
-0.70639070 0.54470750 -0.45200270 0.00000000
0.42574900 0.83122670 -0.20417960 1.00000000

-0.08456951 0.86635610 -0.49221460 0.00000000
-0.79732480 -0.35510320 -0.48803200 0.00000000
-0.59759650 0.35118230 0.72079810 0.00000000
0.37848470 0.99157480 -0.23278840 1.00000000

-0.57466530 0.54094390 -0.61411700 0.00000000
-0.60115580 -0.78819750 -0.13174580 0.00000000
-0.55531240 0.29347040 0.77814130 0.00000000
0.33086360 0.97193400 -0.26270060 1.00000000

0.65428030 0.24900170 -0.71408370 0.00000000
0.02727456 -0.95139560 -0.30676240 0.00000000
-0.75576030 0.18123220 -0.62927070 0.00000000
0.45569210 1.12563500 -0.12000220 1.00000000

0.68973540 0.55111720 -0.46961170 0.00000000
0.67224010 -0.72836950 0.13255790 0.00000000
-0.26899580 -0.40712170 -0.87286510 0.00000000
0.25158940 1.45245700 -0.12446510 1.00000000

0.58528940 0.41322290 -0.69762670 0.00000000
0.67224010 -0.72836950 0.13255790 0.00000000
-0.45335390 -0.54655730 -0.70409200 0.00000000
0.37931490 1.31406700 -0.09927900 1.00000000

0.44332960 0.53077030 -0.72231690 0.00000000
0.73044730 -0.68098100 -0.05207652 0.00000000
-0.51952480 -0.50452730 -0.68959880 0.00000000
0.29622260 1.49883700 -0.18964210 1.00000000

0.96295330 0.25578850 -0.08539999 0.00000000
-0.25022390 0.72945850 -0.63661490 0.00000000
-0.10054300 0.63439960 0.76643880 0.00000000
-0.02574835 1.54588900 -0.03861269 1.00000000

0.99210580 0.09701812 0.07945836 0.00000000
-0.06427330 0.93745570 -0.34211970 0.00000000
-0.10768050 0.33431180 0.93629070 0.00000000
-0.05608509 1.63432700 -0.11579480 1.00000000

0.99201420 0.09833916 0.07897601 0.00000000
-0.06567137 0.93731800 -0.34223120 0.00000000
-0.10768050 0.33431180 0.93629070 0.00000000
-0.04678582 1.64593200 -0.24607450 1.00000000

0.96036310 -0.20858000 0.18492450 0.00000000
-0.26949230 -0.86430190 0.42468340 0.00000000
0.07125014 -0.45768600 -0.88625440 0.00000000
0.00309647 1.64942200 -0.21733470 1.00000000

0.94325530 0.33191580 -0.01005784 0.00000000
-0.30059670 0.84059730 -0.45059700 0.00000000
-0.14110570 0.42805140 0.89267080 0.00000000
-0.10151970 1.63772600 -0.22423830 1.00000000

0.99210580 0.09701809 0.07945827 0.00000000
0.06427330 -0.93745570 0.34211970 0.00000000
0.10768040 -0.33431180 -0.93629070 0.00000000
-0.01385739 1.66790300 -0.21649560 1.00000000

0.99210580 0.09701812 0.07945836 0.00000000
-0.06427330 0.93745570 -0.34211970 0.00000000
-0.10768050 0.33431180 0.93629070 0.00000000
-0.08757124 1.66069400 -0.22239900 1.00000000

0.97412350 0.22175820 -0.04366422 0.00000000
0.22280010 -0.90969860 0.35044050 0.00000000
0.03799182 -0.35110090 -0.93556670 0.00000000
-0.02949587 1.65980100 -0.25597410 1.00000000

0.97799480 0.20489160 0.03931808 0.00000000
-0.17869350 0.91992120 -0.34901800 0.00000000
-0.10768050 0.33431180 0.93629070 0.00000000
-0.06109767 1.65801200 -0.26012210 1.00000000

0.96463930 0.12632130 0.23133090 0.00000000
0.09514101 -0.98537810 0.14134510 0.00000000
0.24580330 -0.11433800 -0.96255280 0.00000000
0.01679558 1.68617400 -0.23925370 1.00000000

0.99685180 0.07769918 -0.01579157 0.00000000
-0.07927240 0.97278570 -0.21772500 0.00000000
-0.00155523 0.21829130 0.97588250 0.00000000
-0.11718310 1.67382000 -0.25134940 1.00000000

0.97850840 0.20222500 0.04032928 0.00000000
0.17562790 -0.91979340 0.35090640 0.00000000
0.10805680 -0.33628180 -0.93554170 0.00000000
-0.01386160 1.66808900 -0.21667080 1.00000000

0.99301970 -0.00942906 0.11757140 0.00000000
0.05255876 0.92773810 -0.36951280 0.00000000
-0.10559140 0.37311300 0.92175770 0.00000000
-0.08756790 1.66067800 -0.22242250 1.00000000

0.99106570 0.11424620 0.06882241 0.00000000
-0.08585009 0.94133770 -0.32636350 0.00000000
-0.10207100 0.31753940 0.94273560 0.00000000
-0.05312623 1.63734800 -0.15642750 1.00000000

0.95880510 0.28312500 0.02308798 0.00000000
0.26485260 -0.92038360 0.28765950 0.00000000
0.10269340 -0.26969450 -0.95745480 0.00000000
-0.01911617 1.59041900 -0.24720770 1.00000000

0.99016300 0.12360140 0.06557351 0.00000000
-0.09697874 0.94407860 -0.31513630 0.00000000
-0.10085780 0.30567710 0.94677840 0.00000000
-0.04081612 1.58888400 -0.25182710 1.00000000

0.99215080 -0.05555583 0.11202930 0.00000000
0.08357605 0.96100570 -0.26359640 0.00000000
-0.09301651 0.27089030 0.95810570 0.00000000
-0.06523604 1.58608500 -0.24842790 1.00000000

0.99020770 0.10819210 0.08822227 0.00000000
0.06828883 -0.92658080 0.36984390 0.00000000
0.12175930 -0.36019780 -0.92489580 0.00000000
0.00320265 1.60242000 -0.21452970 1.00000000

0.99097350 0.12359010 0.05193150 0.00000000
-0.09567073 0.92335390 -0.37184010 0.00000000
-0.09390706 0.36351540 0.92684320 0.00000000
-0.09514847 1.59301200 -0.21937040 1.00000000

0.98543970 0.15901720 0.06018507 0.00000000
0.12052840 -0.90300200 0.41238430 0.00000000
0.11992350 -0.39912590 -0.90902010 0.00000000
-0.01993813 1.60685500 -0.23978550 1.00000000

0.99172880 0.10227580 0.07754588 0.00000000
-0.06218581 0.91140940 -0.40677490 0.00000000
-0.11227920 0.39858820 0.91023130 0.00000000
-0.04243884 1.60156900 -0.24457590 1.00000000

0.99466490 0.05846266 0.08499375 0.00000000
-0.01771419 0.90846740 -0.41758060 0.00000000
-0.10162680 0.41384720 0.90465600 0.00000000
-0.06795617 1.60302800 -0.24222620 1.00000000

0.99207940 0.09740215 0.07931811 0.00000000
0.05000538 -0.88550000 0.46194060 0.00000000
0.11523030 -0.45431550 -0.88335690 0.00000000
-0.02657036 1.63078000 -0.24061950 1.00000000

0.99207940 0.09740215 0.07931811 0.00000000
-0.05000539 0.88550010 -0.46194060 0.00000000
-0.11523020 0.45431540 0.88335700 0.00000000
-0.04331948 1.61892500 -0.25637570 1.00000000

0.99207940 0.09740215 0.07931811 0.00000000
-0.05000539 0.88550010 -0.46194060 0.00000000
-0.11523020 0.45431540 0.88335700 0.00000000
-0.06435284 1.62680700 -0.24354640 1.00000000

0.99210580 0.09701812 0.07945836 0.00000000
-0.06431790 0.93759410 -0.34173200 0.00000000
-0.10765390 0.33392360 0.93643250 0.00000000
-0.05930461 1.71930600 -0.17935710 1.00000000

0.20775510 -0.91506060 0.34569070 0.00000000
0.82963730 -0.02238487 -0.55785410 0.00000000
0.51820840 0.40269490 0.75451770 0.00000000
-0.05941802 1.47677100 0.03423228 1.00000000

0.18767100 -0.18542280 -0.96457140 0.00000000
0.61544990 0.78754040 -0.03164709 0.00000000
0.76550710 -0.58770640 0.26191680 0.00000000
-0.24517290 1.48179100 0.15913040 1.00000000

0.26001200 -0.12016430 -0.95809940 0.00000000
0.43459490 -0.87148640 0.22724290 0.00000000
-0.86227690 -0.47547090 -0.17437390 0.00000000
-0.42917280 1.24634100 0.16858970 1.00000000

0.53644390 -0.12710090 -0.83431030 0.00000000
0.00681777 -0.98790930 0.15488410 0.00000000
-0.84390870 -0.08877467 -0.52909100 0.00000000
-0.53833250 1.46523500 0.11151280 1.00000000

-0.53638270 0.22082100 0.81457490 0.00000000
-0.84268580 -0.08679537 -0.53136380 0.00000000
-0.04663488 -0.97144480 0.23263830 0.00000000
-0.48687020 1.56515500 0.07000270 1.00000000

0.52266480 -0.32909320 -0.78646020 0.00000000
-0.25571920 -0.94053300 0.22361930 0.00000000
-0.81328320 0.08423516 -0.57573870 0.00000000
-0.47860560 1.60498200 0.12303910 1.00000000

-0.15098380 -0.98832710 0.02033808 0.00000000
-0.61285940 0.10972790 0.78253660 0.00000000
-0.77563380 0.10568610 -0.62227240 0.00000000
-0.46454950 1.65667900 0.11074730 1.00000000

0.15728150 -0.98587860 0.05749751 0.00000000
-0.58651310 -0.04640998 0.80860910 0.00000000
-0.79452200 -0.16090230 -0.58552990 0.00000000
-0.51728300 1.60297000 0.10052000 1.00000000

-0.57386990 -0.12540610 0.80928790 0.00000000
-0.20703560 0.97832190 0.00478955 0.00000000
-0.79234460 -0.16480270 -0.58739270 0.00000000
-0.48371630 1.60467700 0.05456652 1.00000000

0.02030663 -0.98700620 0.15939590 0.00000000
-0.64301820 0.10918780 0.75802790 0.00000000
-0.76558200 -0.11788730 -0.63244540 0.00000000
-0.55086240 1.59802600 0.07418713 1.00000000

-0.60398280 -0.17584190 0.77735780 0.00000000
-0.30095150 0.95346700 -0.01815112 0.00000000
-0.73799290 -0.24490980 -0.62879710 0.00000000
-0.51609740 1.59212300 0.03320441 1.00000000

0.04554611 -0.99080770 0.12738060 0.00000000
-0.73925180 0.05233355 0.67139300 0.00000000
-0.67188740 -0.12474570 -0.73007250 0.00000000
-0.57804520 1.59240800 0.05180821 1.00000000

-0.68797270 -0.14896540 0.71028410 0.00000000
-0.37589220 0.91034080 -0.17316210 0.00000000
-0.62080520 -0.38612080 -0.68228420 0.00000000
-0.54123950 1.58901700 0.01855174 1.00000000

-0.42754830 0.64727940 -0.63105640 0.00000000
-0.82012720 0.01590561 0.57196060 0.00000000
0.38025530 0.76208700 0.52405080 0.00000000
-0.45944100 1.52693100 0.12341360 1.00000000

-0.64374330 0.40566130 0.64887150 0.00000000
-0.01493204 -0.85442730 0.51935670 0.00000000
0.76509620 0.32464300 0.55608880 0.00000000
-0.41395790 1.52743900 0.09457596 1.00000000

0.39394360 -0.04295289 -0.91813050 0.00000000
0.43459490 -0.87148640 0.22724290 0.00000000
-0.80989870 -0.48853560 -0.32464910 0.00000000
-0.47899600 1.34624900 0.14253600 1.00000000

0.78453140 -0.60825330 0.12057690 0.00000000
0.61544990 0.78754040 -0.03164709 0.00000000
-0.07570994 0.09903724 0.99219940 0.00000000
-0.24517290 1.48179100 0.15913040 1.00000000

0.70777050 -0.56988730 -0.41748030 0.00000000
0.61544990 0.78754040 -0.03164709 0.00000000
0.34681770 -0.23453930 0.90813480 0.00000000
-0.36210810 1.33215800 0.16514130 1.00000000

0.79561900 -0.60519840 0.02693501 0.00000000
0.48063330 0.60354660 -0.63617880 0.00000000
0.36875760 0.51910170 0.77107140 0.00000000
-0.31758850 1.53482900 0.16018450 1.00000000

0.99417590 -0.10777050 0.00000000 0.00000000
0.10777050 0.99417580 -0.00000001 0.00000000
-0.00000006 0.00000001 1.00000000 0.00000000
-0.14923900 0.92724380 0.09667273 1.00000000

1.00000000 0.00000000 0.00000000 0.00000000
0.00000000 1.00000000 0.00000000 0.00000000
0.00000000 0.00000000 1.00000000 0.00000000
0.00000000 0.00000000 0.00000000 1.00000000

1.00000000 0.00000000 0.00000000 0.00000000
0.00000000 1.00000000 0.00000000 0.00000000
0.00000000 0.00000000 1.00000000 0.00000000
0.00000000 0.00000000 0.00000000 1.00000000

0.81171210 0.05122572 -0.58180710 0.00000000
-0.05627058 0.99837140 0.00939621 0.00000000
0.58134080 0.02511160 0.81327260 0.00000000
0.02433087 0.89017190 0.02260877 1.00000000

0.93752110 0.12827350 0.32341960 0.00000000
0.20391340 -0.95575180 -0.21203260 0.00000000
0.28191070 0.26473470 -0.92219420 0.00000000
0.13052380 0.86580030 -0.05916177 1.00000000

0.93752110 0.12827350 0.32341960 0.00000000
0.11426060 -0.99151210 0.06203397 0.00000000
0.32863170 -0.02120407 -0.94422020 0.00000000
0.22031790 0.44493090 -0.15253120 1.00000000

0.99487360 0.06239128 -0.07958582 0.00000000
0.06210878 -0.99805130 -0.00602242 0.00000000
-0.07980642 0.00104857 -0.99680990 0.00000000
0.25676260 0.12867650 -0.13274470 1.00000000

0.99476400 0.06236481 -0.08096454 0.00000000
0.06527698 -0.99729360 0.03383154 0.00000000
-0.07863545 -0.03893949 -0.99614270 0.00000000
0.25229870 0.02483290 -0.26995440 1.00000000

0.53634910 -0.27866600 -0.79666500 0.00000000
0.19916100 0.95905140 -0.20138350 0.00000000
0.82016140 -0.05065276 0.56988570 0.00000000
-0.08461915 0.85222260 0.09504511 1.00000000

0.53634850 -0.27866860 -0.79666440 0.00000000
-0.01407258 0.94083490 -0.33857290 0.00000000
0.84387930 0.19280420 0.50069370 0.00000000
-0.17232040 0.42990090 0.18372510 1.00000000

0.44429870 -0.10249550 -0.88999630 0.00000000
0.05992609 0.99460910 -0.08462722 0.00000000
0.89387240 -0.01573419 0.44804570 0.00000000
-0.16783200 0.12981020 0.29171720 1.00000000

0.43531030 -0.10269930 -0.89440370 0.00000000
-0.03745348 0.99054630 -0.13196770 0.00000000
0.89950120 0.09094542 0.42734860 0.00000000
-0.29655320 0.02833760 0.23914330 1.00000000

0.81939060 0.03772262 -0.57199310 0.00000000
-0.02471137 0.99922930 0.03049911 0.00000000
0.57270280 -0.01085595 0.81969120 0.00000000
0.01843913 1.02643200 0.02638604 1.00000000

0.85858960 -0.00669672 -0.51261970 0.00000000
-0.03242041 0.99720390 -0.06732836 0.00000000
0.51163730 0.07442678 0.85597200 0.00000000
0.01417570 1.19882800 0.03164802 1.00000000

0.89334370 -0.03895440 -0.44768260 0.00000000
-0.15777780 0.90562150 -0.39364440 0.00000000
0.42076510 0.42229410 0.80288510 0.00000000
0.01367356 1.38672700 0.02835233 1.00000000

-0.10938220 0.91298780 -0.39305100 0.00000000
0.92025330 -0.05645426 -0.38722990 0.00000000
-0.37572560 -0.40406250 -0.83400490 0.00000000
0.05896407 1.47555600 -0.03038075 1.00000000

0.52044940 0.48923780 -0.69984200 0.00000000
0.77307520 -0.61801450 0.14287580 0.00000000
-0.36261210 -0.61539010 -0.69986280 0.00000000
0.26500820 1.46291600 -0.11708130 1.00000000

0.55723940 0.44961700 -0.69808950 0.00000000
-0.00302927 -0.83960900 -0.54318340 0.00000000
-0.83034670 0.30479770 -0.46650120 0.00000000
0.49613030 1.27815200 -0.07436691 1.00000000

0.94285680 0.33307700 -0.00900373 0.00000000
0.15901900 -0.47356080 -0.86628720 0.00000000
-0.29280430 0.81535300 -0.49946560 0.00000000
0.49536960 1.06726400 -0.21080060 1.00000000

-0.95614620 -0.24578380 0.15929600 0.00000000
-0.29280430 0.81535300 -0.49946560 0.00000000
-0.00712207 -0.52420450 -0.85156300 0.00000000
0.50240800 1.11779700 -0.22253100 1.00000000

0.94973530 0.08834262 -0.30033110 0.00000000
-0.26385720 -0.29038940 -0.91981200 0.00000000
-0.16847180 0.95282200 -0.25248320 0.00000000
0.49240300 1.05755500 -0.36287380 1.00000000

0.60394220 -0.20641970 -0.76983450 0.00000000
-0.79159270 -0.26795880 -0.54916290 0.00000000
-0.09292616 0.94105770 -0.32523170 0.00000000
0.47789990 1.04159400 -0.41343240 1.00000000

0.90265790 0.06085694 -0.42603430 0.00000000
-0.31719090 -0.57498130 -0.75417970 0.00000000
-0.29085910 0.81590040 -0.49970810 0.00000000
0.50738850 1.02081400 -0.34207390 1.00000000

0.48714410 -0.29026870 -0.82367180 0.00000000
-0.82879060 -0.45098360 -0.33124130 0.00000000
-0.27531360 0.84401320 -0.46026560 0.00000000
0.48846060 0.98805590 -0.38461740 1.00000000

0.87929870 0.00256737 -0.47626420 0.00000000
-0.38115160 -0.59582080 -0.70690970 0.00000000
-0.28558320 0.80311370 -0.52292590 0.00000000
0.51548020 0.98473750 -0.32020210 1.00000000

0.49051180 -0.31225340 -0.81357030 0.00000000
-0.82699690 -0.46112230 -0.32162530 0.00000000
-0.27472690 0.83058080 -0.48441830 0.00000000
0.49487320 0.95252440 -0.35842110 1.00000000

0.84137610 0.15360330 -0.51816270 0.00000000
-0.23692740 -0.75688830 -0.60908620 0.00000000
-0.48574900 0.63523750 -0.60043480 0.00000000
0.52097910 0.95527180 -0.30089280 1.00000000

0.49473320 -0.48257830 -0.72274300 0.00000000
-0.74005630 -0.66992810 -0.05927092 0.00000000
-0.45558320 0.56419380 -0.68857100 0.00000000
0.50851480 0.91753720 -0.33077450 1.00000000

0.38320720 0.92329980 0.02588502 0.00000000
-0.46933050 0.21877520 -0.85549240 0.00000000
-0.79553880 0.31568240 0.51716860 0.00000000
0.45196870 1.09436800 -0.30554250 1.00000000

0.24501730 0.94907000 -0.19807430 0.00000000
-0.56155630 -0.02761845 -0.82697800 0.00000000
-0.79033010 0.31385380 0.52618890 0.00000000
0.42468850 1.10899600 -0.35643540 1.00000000

0.81632090 0.31166430 -0.48629810 0.00000000
-0.00302927 -0.83960900 -0.54318340 0.00000000
-0.57759120 0.44488490 -0.68444620 0.00000000
0.49578310 1.18190100 -0.13663650 1.00000000

0.60656760 0.65437000 -0.45152610 0.00000000
0.77307520 -0.61801450 0.14287580 0.00000000
-0.18555610 -0.43572750 -0.88074470 0.00000000
0.26500820 1.46291600 -0.11708130 1.00000000

0.55188240 0.54428620 -0.63180570 0.00000000
0.77307520 -0.61801450 0.14287580 0.00000000
-0.31269970 -0.56728390 -0.76184550 0.00000000
0.41189250 1.34549300 -0.08993486 1.00000000

0.45542380 0.55150700 -0.69887710 0.00000000
0.75010690 -0.66052120 -0.03243122 0.00000000
-0.47950910 -0.50946260 -0.71450640 0.00000000
0.31076900 1.51129100 -0.17998640 1.00000000

0.96626080 0.25590520 -0.02920198 0.00000000
-0.21277630 0.72919540 -0.65038470 0.00000000
-0.14514280 0.63465460 0.75904350 0.00000000
-0.01541699 1.54972900 -0.04388081 1.00000000

0.98703940 0.11513630 0.11178970 0.00000000
-0.05723406 0.90335620 -0.42505520 0.00000000
-0.14992520 0.41314810 0.89823790 0.00000000
-0.04121365 1.63813600 -0.12273240 1.00000000

0.98679910 0.11879890 0.11006490 0.00000000
-0.06123655 0.90288190 -0.42550500 0.00000000
-0.14992520 0.41314810 0.89823790 0.00000000
-0.02649689 1.63848100 -0.25302910 1.00000000

0.95328250 -0.18057400 0.24216850 0.00000000
-0.28040080 -0.82716670 0.48700180 0.00000000
0.11237390 -0.53215440 -0.83915650 0.00000000
0.02209183 1.64503900 -0.22266090 1.00000000

0.93912640 0.34356920 -0.00135809 0.00000000
-0.29082570 0.79283820 -0.53556350 0.00000000
-0.18292630 0.50335680 0.84449390 0.00000000
-0.08197906 1.63164300 -0.23292370 1.00000000

0.98703930 0.11513630 0.11178960 0.00000000
0.05723406 -0.90335620 0.42505520 0.00000000
0.14992510 -0.41314810 -0.89823790 0.00000000
0.00497174 1.66332200 -0.22414090 1.00000000

0.98703940 0.11513630 0.11178970 0.00000000
-0.05723406 0.90335620 -0.42505520 0.00000000
-0.14992520 0.41314810 0.89823790 0.00000000
-0.06836570 1.65476700 -0.23244650 1.00000000

0.97329010 0.22848400 -0.02239624 0.00000000
0.21503850 -0.87313160 0.43749250 0.00000000
0.08040524 -0.43062320 -0.89894310 0.00000000
-0.00893170 1.65165900 -0.26324840 1.00000000

0.97429100 0.21626230 0.06314865 0.00000000
-0.16816520 0.88461250 -0.43494960 0.00000000
-0.14992520 0.41314810 0.89823790 0.00000000
-0.04030412 1.64907100 -0.26855840 1.00000000

0.95322790 0.15691740 0.25832830 0.00000000
0.09648911 -0.96793870 0.23191530 0.00000000
0.28643740 -0.19614240 -0.93780700 0.00000000
0.03639711 1.68005900 -0.24712860 1.00000000

0.99589780 0.08815102 0.02042225 0.00000000
-0.07766284 0.94853230 -0.30701010 0.00000000
-0.04643428 0.30416470 0.95148720 0.00000000
-0.09684168 1.66498800 -0.26352940 1.00000000

0.97426890 0.21637790 0.06309164 0.00000000
0.16797120 -0.88369770 0.43687990 0.00000000
0.15028520 -0.41504090 -0.89730450 0.00000000
0.00497915 1.66345100 -0.22433850 1.00000000

0.98719100 0.01242269 0.15905850 0.00000000
0.06099007 0.89185660 -0.44818750 0.00000000
-0.14742510 0.45214770 0.87967510 0.00000000
-0.06836189 1.65474700 -0.23245990 1.00000000

0.98632430 0.13132970 0.09958395 0.00000000
-0.07948184 0.90832050 -0.41065370 0.00000000
-0.14438510 0.39712270 0.90633690 0.00000000
-0.03656040 1.63764800 -0.16331570 1.00000000

0.95575510 0.29149570 0.03953102 0.00000000
0.25580020 -0.88992770 0.37761820 0.00000000
0.14525390 -0.35079850 -0.92511740 0.00000000
0.00163239 1.58340000 -0.24815990 1.00000000

0.98516960 0.14349820 0.09406823 0.00000000
-0.09451169 0.91140600 -0.40050840 0.00000000
-0.14320650 0.38567810 0.91145180 0.00000000
-0.01983975 1.58121700 -0.25352270 1.00000000

0.98720340 -0.03222274 0.15617690 0.00000000
0.08482999 0.93541700 -0.34321830 0.00000000
-0.13503110 0.35207480 0.92618040 0.00000000
-0.04435850 1.57844000 -0.25090670 1.00000000

0.98469400 0.12684110 0.11953620 0.00000000
0.05980325 -0.89008900 0.45184660 0.00000000
0.16371050 -0.43778200 -0.88405080 0.00000000
0.02245752 1.59846200 -0.21575730 1.00000000

0.98682600 0.13898990 0.08280152 0.00000000
-0.08670132 0.88643590 -0.45465880 0.00000000
-0.13659120 0.44149010 0.88680850 0.00000000
-0.07552162 1.58752100 -0.22383560 1.00000000

0.98098730 0.17318270 0.08758628 0.00000000
0.10816570 -0.86261810 0.49415620 0.00000000
0.16113280 -0.47528730 -0.86495010 0.00000000
0.00037266 1.60041400 -0.24224250 1.00000000

0.98695770 0.11639520 0.11120560 0.00000000
-0.04804909 0.87231280 -0.48658210 0.00000000
-0.15364180 0.47489250 0.86652830 0.00000000
-0.02186148 1.59446300 -0.24747950 1.00000000

0.98973670 0.07560671 0.12126400 0.00000000
-0.00564346 0.86859210 -0.49549570 0.00000000
-0.14279170 0.48972590 0.86010410 0.00000000
-0.04746667 1.59582900 -0.24633050 1.00000000

0.98701580 0.11550630 0.11161550 0.00000000
0.03748691 -0.84135260 0.53918510 0.00000000
0.15618730 -0.52800020 -0.83475850 0.00000000
-0.00640530 1.62409300 -0.24543450 1.00000000

0.98701580 0.11550630 0.11161550 0.00000000
-0.03748694 0.84135270 -0.53918500 0.00000000
-0.15618730 0.52800010 0.83475850 0.00000000
-0.02238101 1.61072400 -0.26078050 1.00000000

0.98701580 0.11550630 0.11161550 0.00000000
-0.03748694 0.84135270 -0.53918500 0.00000000
-0.15618730 0.52800010 0.83475850 0.00000000
-0.04400131 1.61944300 -0.24957130 1.00000000

0.98703940 0.11513630 0.11178970 0.00000000
-0.05729610 0.90352720 -0.42468320 0.00000000
-0.14990150 0.41277390 0.89841380 0.00000000
-0.04241856 1.71722500 -0.19355190 1.00000000

0.10769460 -0.89962180 0.42318170 0.00000000
0.88449270 -0.10766040 -0.45396280 0.00000000
0.45395470 0.42319020 0.78411440 0.00000000
-0.05412059 1.48048300 0.02629247 1.00000000

0.47227160 -0.20928090 -0.85624870 0.00000000
0.74012630 0.62172530 0.25626340 0.00000000
0.47872020 -0.75475800 0.44851740 0.00000000
-0.25215640 1.50459600 0.12792900 1.00000000

0.55463160 -0.16013340 -0.81654250 0.00000000
0.02425706 -0.97777930 0.20823030 0.00000000
-0.83174260 -0.13529800 -0.53842270 0.00000000
-0.47342990 1.31871900 0.05131222 1.00000000

0.75122410 -0.15167560 -0.64238420 0.00000000
-0.31441750 -0.93795530 -0.14622560 0.00000000
-0.58034850 0.31182520 -0.75230400 0.00000000
-0.47952370 1.56431200 -0.00098949 1.00000000

