MeshAnim
1
50
71
30
-0.16172720 -0.95852430 -0.23468310 0.00000000
-0.50071030 0.28463260 -0.81748050 0.00000000
0.85037280 -0.01470075 -0.52597550 0.00000000
0.00000001 1.05851000 0.00000014 1.00000000

-0.13628910 -0.96794230 -0.21098210 0.00000000
-0.46771700 0.25060840 -0.84760700 0.00000000
0.87330800 -0.01683979 -0.48687790 0.00000000
0.01587835 1.16913000 0.02877189 1.00000000

-0.08565113 -0.98657080 -0.13907710 0.00000000
-0.49609600 0.16328560 -0.85277650 0.00000000
0.86403320 -0.00404583 -0.50341900 0.00000000
0.03802936 1.32597400 0.06307365 1.00000000

-0.20551620 0.93588040 0.28616860 0.00000000
-0.28559630 0.22232860 -0.93220480 0.00000000
-0.93605490 -0.27331170 0.22159140 0.00000000
0.08532832 1.05703500 -0.05277764 1.00000000

0.30739750 0.94656310 -0.09759956 0.00000000
-0.73294940 0.17011100 -0.65867190 0.00000000
-0.60687110 0.27400970 0.74607400 0.00000000
-0.08532827 1.05998600 0.05277788 1.00000000

0.01196904 -0.97731790 0.21143950 0.00000000
-0.00306508 -0.21148960 -0.97737610 0.00000000
0.99992420 0.01105013 -0.00552660 0.00000000
0.00651480 1.81567900 0.05952749 1.00000000

-0.85327710 0.16729640 0.49389340 0.00000000
0.51764970 0.15748270 0.84097550 0.00000000
0.06291218 0.97324820 -0.22097700 0.00000000
0.12995630 1.63491100 0.04164742 1.00000000

-0.25535800 0.96595630 -0.04149025 0.00000000
0.51271120 0.17167160 0.84122380 0.00000000
0.81970760 0.19354040 -0.53909400 0.00000000
0.27250830 1.60696100 -0.04086446 1.00000000

-0.67174450 0.68762450 0.27555840 0.00000000
0.51334800 0.16391710 0.84238110 0.00000000
0.53407290 0.70732190 -0.46310090 0.00000000
0.27250820 1.60696100 -0.04086438 1.00000000

-0.73866420 0.42550220 0.52280370 0.00000000
0.57771100 -0.00000017 0.81624220 0.00000000
0.34731250 0.90495770 -0.24581690 0.00000000
0.09066335 1.77689100 0.09327348 1.00000000

0.69155490 0.16545810 -0.70311890 0.00000000
0.68108770 0.17482420 0.71102600 0.00000000
0.24056700 -0.97059830 0.00820934 0.00000000
-0.03249967 1.61699500 0.16254760 1.00000000

0.08265200 0.97246020 -0.21792360 0.00000000
0.51704290 0.14509570 0.84357320 0.00000000
0.85196050 -0.18239860 -0.49081070 0.00000000
-0.14803360 1.58935300 0.28001360 1.00000000

0.48373470 0.68926950 -0.53936020 0.00000000
0.59537150 0.19255050 0.78003780 0.00000000
0.64150980 -0.69845030 -0.31722770 0.00000000
-0.14803380 1.58935300 0.28001380 1.00000000

0.66603240 0.50128540 -0.55237180 0.00000000
-0.63837210 0.00000006 -0.76972880 0.00000000
-0.38585350 0.86528250 0.32000650 0.00000000
0.00746124 1.76771500 0.15519290 1.00000000

-0.36590620 0.92729880 0.07893056 0.00000000
0.62241300 0.18077980 0.76152600 0.00000000
0.69189260 0.32777410 -0.64331110 0.00000000
0.29750910 0.90268210 -0.14641950 1.00000000

-0.40823560 0.90726800 0.10104110 0.00000000
0.61882660 0.19366530 0.76128090 0.00000000
0.67111690 0.37330850 -0.64050200 0.00000000
0.37974180 0.69428370 -0.16415820 1.00000000

0.13615670 0.94347270 -0.30219420 0.00000000
-0.45291170 -0.21201190 -0.86598130 0.00000000
-0.88109790 0.25477640 0.39844250 0.00000000
-0.24890570 0.91094800 0.22263250 1.00000000

0.10888760 0.95312000 -0.28232290 0.00000000
-0.45540260 -0.20462420 -0.86645210 0.00000000
-0.88360230 0.22291640 0.41177180 0.00000000
-0.27950530 0.69891490 0.29054670 1.00000000

0.16866930 -0.98233320 0.08107507 0.00000000
-0.57704750 -0.16509470 -0.79985080 0.00000000
0.79910420 0.08812585 -0.59469870 0.00000000
0.05198447 1.48587900 0.08571571 1.00000000

0.03894131 0.98321830 -0.17823020 0.00000000
-0.99912420 0.04104949 0.00815361 0.00000000
0.01533321 0.17775660 0.98395560 0.00000000
0.00091937 1.40616200 0.26781640 1.00000000

-0.10154380 0.99038470 -0.09395826 0.00000000
-0.47686700 0.03443195 0.87830130 0.00000000
0.87309090 0.13399140 0.46878560 0.00000000
0.23500070 1.40506600 0.13143170 1.00000000

-0.11897320 0.98960480 -0.08080277 0.00000000
-0.47439240 0.01483606 0.88018920 0.00000000
0.87223740 0.14305090 0.46769610 0.00000000
0.26005260 1.16073300 0.15461190 1.00000000

-0.32468550 0.94433340 0.05304999 0.00000000
0.62471770 0.17200490 0.76167130 0.00000000
0.71014630 0.28044460 -0.64578900 0.00000000
0.10270280 1.45853000 -0.11275670 1.00000000

0.02611147 0.98826020 -0.15053490 0.00000000
-0.99955720 0.02796523 0.01020914 0.00000000
0.01429927 0.15020160 0.98855260 0.00000000
-0.00868766 1.16359700 0.31178700 1.00000000

0.00937270 0.99305450 -0.11728520 0.00000000
-0.99986460 0.01089890 0.01237696 0.00000000
0.01356950 0.11715320 0.99302180 0.00000000
-0.01577808 0.89524170 0.35266340 1.00000000

0.00935867 0.99067030 -0.13596140 0.00000000
-0.99989010 0.01084182 0.01017114 0.00000000
0.01155052 0.13585120 0.99066250 0.00000000
-0.01743189 0.72000320 0.37336000 1.00000000

-0.18778510 0.97683460 -0.10262790 0.00000000
-0.47568040 0.00097020 0.87961830 0.00000000
0.85934050 0.21399690 0.46447890 0.00000000
0.32083640 0.71839380 0.19016340 1.00000000

-0.00412186 0.68362200 0.72982540 0.00000000
-0.01218212 0.72974260 -0.68361380 0.00000000
-0.99991770 -0.01170857 0.00531978 0.00000000
0.00631419 1.82259000 0.03702213 1.00000000

0.18241660 0.92741540 -0.32653560 0.00000000
-0.45200550 -0.21583270 -0.86551060 0.00000000
-0.87316430 0.30547930 0.37982500 0.00000000
-0.14589730 1.45969400 0.03208625 1.00000000

0.16831880 0.93230590 -0.32011760 0.00000000
-0.45220020 -0.21553290 -0.86548360 0.00000000
-0.87589070 0.29043440 0.38531030 0.00000000
-0.19384350 1.21593300 0.11791250 1.00000000

0.00306907 0.21149050 0.97737570 0.00000000
0.01196915 -0.97731760 0.21144020 0.00000000
0.99992420 0.01104946 -0.00553054 0.00000000
0.03450032 1.78609700 -0.01717311 1.00000000

0.00306106 0.21149070 0.97737570 0.00000000
-0.01196523 0.97731750 -0.21144060 0.00000000
-0.99992430 -0.01104730 0.00552187 0.00000000
-0.02166007 1.78547600 -0.01686269 1.00000000

-0.33462670 0.94042120 0.06027947 0.00000000
0.62436180 0.17334310 0.76165990 0.00000000
0.70583150 0.29250760 -0.64516800 0.00000000
0.18804290 1.21032200 -0.12670030 1.00000000

-0.25535800 0.96595630 -0.04149025 0.00000000
0.51271120 0.17167160 0.84122380 0.00000000
0.81970760 0.19354040 -0.53909400 0.00000000
0.27250830 1.60696100 -0.04086446 1.00000000

0.08265200 0.97246020 -0.21792360 0.00000000
0.51704290 0.14509570 0.84357320 0.00000000
0.85196050 -0.18239860 -0.49081070 0.00000000
-0.14803360 1.58935300 0.28001360 1.00000000

0.03783135 0.94758840 -0.31724660 0.00000000
-0.79390000 -0.16430270 -0.58543010 0.00000000
-0.60687080 0.27400980 0.74607420 0.00000000
-0.23526990 0.59827340 0.10038470 1.00000000

0.06052823 0.99433540 -0.08737260 0.00000000
-0.77839930 -0.00777452 -0.62772210 0.00000000
-0.62484510 0.10600580 0.77351900 0.00000000
-0.25372310 0.13606090 0.25513050 1.00000000

0.79986390 0.01194368 0.60006370 0.00000000
0.05980220 0.99324100 -0.09948377 0.00000000
-0.59719520 0.11545880 0.79374270 0.00000000
-0.40954440 -0.00016950 0.14792800 1.00000000

-0.30079980 0.94832700 -0.10097990 0.00000000
-0.18254230 -0.16117750 -0.96989760 0.00000000
-0.93605480 -0.27331160 0.22159140 0.00000000
0.18557460 0.60053350 -0.19236430 1.00000000

-0.18775470 0.98212120 -0.01369205 0.00000000
-0.11134320 -0.03513192 -0.99316130 0.00000000
-0.97588500 -0.18494610 0.11594840 0.00000000
0.33229800 0.13796070 -0.14310870 1.00000000

0.13262020 0.04388899 0.99019520 0.00000000
-0.20462790 0.97871020 -0.01597315 0.00000000
-0.96981440 -0.20050310 0.13877740 0.00000000
0.33662760 -0.00180260 -0.32959960 1.00000000

0.25714530 -0.91033120 0.32430520 0.00000000
-0.52178210 -0.41325860 -0.74629880 0.00000000
0.81340070 0.02269042 -0.58126160 0.00000000
0.03809474 1.70388200 0.09935535 1.00000000

-0.01230443 0.10851070 0.99401990 0.00000000
0.02793571 -0.99366910 0.10881810 0.00000000
0.99953450 0.02910751 0.00919553 0.00000000
0.03493160 1.85473300 -0.03169251 1.00000000

0.00344196 0.10898580 0.99403830 0.00000000
0.00477330 0.99403010 -0.10900130 0.00000000
-0.99998310 0.00512001 0.00290081 0.00000000
-0.02376205 1.85408400 -0.03136830 1.00000000

0.23474480 0.97093770 0.04664894 0.00000000
0.46803780 -0.15495820 0.87001750 0.00000000
0.85196060 -0.18239840 -0.49081050 0.00000000
-0.17154290 1.31275100 0.34199880 1.00000000

0.32241770 0.93075820 0.17244390 0.00000000
0.94368170 -0.30175620 -0.13568150 0.00000000
-0.07425082 0.20647810 -0.97563080 0.00000000
-0.24220740 1.02047300 0.32795620 1.00000000

-0.12762110 0.66110100 0.73936410 0.00000000
0.22026310 -0.70795320 0.67103500 0.00000000
0.96705660 0.24849280 -0.05526596 0.00000000
-0.24101900 1.01812900 0.28091050 1.00000000

-0.23558800 0.95587240 0.17551950 0.00000000
0.09644267 -0.15671730 0.98292430 0.00000000
0.96705660 0.24849270 -0.05526596 0.00000000
-0.23257000 0.97436230 0.23196220 1.00000000

-0.21292460 0.95278920 0.21646470 0.00000000
0.96889050 0.23450070 -0.07913175 0.00000000
-0.12615730 0.19288140 -0.97307900 0.00000000
-0.27965520 0.92125170 0.32560640 1.00000000

-0.91259960 0.35937120 0.19497560 0.00000000
0.38819030 0.91129570 0.13729330 0.00000000
-0.12834140 0.20098130 -0.97115220 0.00000000
-0.26656540 0.86267780 0.31229900 1.00000000

0.13763890 0.95791550 0.25190210 0.00000000
0.98957960 -0.12213060 -0.07627474 0.00000000
-0.04230011 0.25977530 -0.96474310 0.00000000
-0.28421190 0.93982790 0.26027250 1.00000000

-0.71219560 0.66937250 0.21146790 0.00000000
0.70070630 0.69603020 0.15669650 0.00000000
-0.04229999 0.25977530 -0.96474310 0.00000000
-0.29325140 0.87691630 0.24372870 1.00000000

-0.07657634 0.96976450 0.23171930 0.00000000
0.56764140 -0.14866000 0.80974350 0.00000000
0.81970740 0.19354030 -0.53909420 0.00000000
0.34514110 1.33220900 -0.02906317 1.00000000

-0.00356590 0.93003510 0.36745490 0.00000000
-0.54252490 -0.31047680 0.78055820 0.00000000
0.84003270 -0.19657010 0.50567450 0.00000000
0.36819260 1.04028400 -0.09881710 1.00000000

0.70881670 0.66995910 0.22075890 0.00000000
0.50889710 -0.70239640 0.49765870 0.00000000
0.48847070 -0.24040560 -0.83881020 0.00000000
0.32569660 1.03742700 -0.11896970 1.00000000

0.25037100 0.95949180 -0.12919230 0.00000000
0.83589010 -0.14690710 0.52887430 0.00000000
0.48847060 -0.24040560 -0.83881030 0.00000000
0.27877060 0.99307330 -0.13358460 1.00000000

0.27655020 0.95675740 -0.09019872 0.00000000
-0.51052140 0.22578600 0.82969250 0.00000000
0.81418010 -0.18340330 0.55088640 0.00000000
0.38427040 0.94133560 -0.13350760 1.00000000

0.58070120 0.36825460 -0.72606790 0.00000000
-0.06418580 0.90978090 0.41009730 0.00000000
0.81158300 -0.19154080 0.55194800 0.00000000
0.36726920 0.88251810 -0.12796250 1.00000000

0.15013360 0.95944120 0.23860760 0.00000000
-0.51257840 -0.13083670 0.84861390 0.00000000
0.84541360 -0.24971060 0.47214590 0.00000000
0.32776740 0.95924450 -0.16698980 1.00000000

0.50110630 0.67675880 -0.53934260 0.00000000
-0.18484910 0.69256280 0.69727240 0.00000000
0.84541370 -0.24971050 0.47214590 0.00000000
0.31790720 0.89623270 -0.18266040 1.00000000

0.00306711 0.21149050 0.97737610 0.00000000
-0.01197118 0.97731780 -0.21144000 0.00000000
-0.99992420 -0.01105183 0.00552908 0.00000000
0.01323862 1.78902200 -0.03121651 1.00000000

0.00257325 0.21148530 0.97737850 0.00000000
-0.01245357 0.97731210 -0.21143810 0.00000000
-0.99991970 -0.01162773 0.00514832 0.00000000
-0.00061760 1.78886900 -0.03114010 1.00000000

0.00257617 0.21148470 0.97737860 0.00000000
-0.01245654 0.97731230 -0.21143740 0.00000000
-0.99991970 -0.01163007 0.00515172 0.00000000
0.00547130 1.85281300 -0.05508085 1.00000000

0.00306454 0.21149070 0.97737560 0.00000000
-0.01196852 0.97731750 -0.21144060 0.00000000
-0.99992410 -0.01104973 0.00552598 0.00000000
0.00545921 1.86276000 -0.03738142 1.00000000

0.00544164 0.00740251 0.99995840 0.00000000
0.01109119 -0.99991170 0.00734152 0.00000000
0.99992410 0.01105077 -0.00552294 0.00000000
0.03773239 1.85521100 -0.02701209 1.00000000

-0.00293420 0.62021150 0.78443000 0.00000000
-0.01235148 0.78435050 -0.62019520 0.00000000
-0.99992010 -0.01150873 0.00535885 0.00000000
0.03773239 1.85521100 -0.02701209 1.00000000

0.00272963 0.21148540 0.97737820 0.00000000
-0.01256938 0.97731130 -0.21143570 0.00000000
-0.99991770 -0.01170790 0.00532565 0.00000000
0.00650805 1.77901300 -0.02247418 1.00000000

0.00544545 0.00740054 0.99995860 0.00000000
0.01109065 -0.99991160 0.00733954 0.00000000
0.99992410 0.01105021 -0.00552669 0.00000000
-0.02652683 1.85450200 -0.02665695 1.00000000

-0.00251804 0.62021450 0.78442880 0.00000000
-0.01209602 0.78435430 -0.62019490 0.00000000
-0.99992420 -0.01105018 0.00552693 0.00000000
-0.02652683 1.85450200 -0.02665695 1.00000000

-0.16138100 0.98387460 -0.07712674 0.00000000
-0.47115740 -0.00814037 0.88201220 0.00000000
0.86716080 0.17867870 0.46487350 0.00000000
0.29235860 0.89201250 0.17655330 1.00000000

-1.00000000 0.00000000 0.00000000 0.00000000
0.00000000 -0.00000012 1.00000000 0.00000000
0.00000000 1.00000000 0.00000012 0.00000000
0.00000000 0.00000000 0.00000000 1.00000000

-0.16218630 -0.95854460 -0.23428230 0.00000000
-0.50081420 0.28453480 -0.81745040 0.00000000
0.85022400 -0.01524743 -0.52620020 0.00000000
-0.00007695 1.05820300 0.00016989 1.00000000

-0.13638600 -0.96790740 -0.21107890 0.00000000
-0.46781350 0.25074230 -0.84751330 0.00000000
0.87324080 -0.01684345 -0.48699800 0.00000000
0.01582005 1.16882400 0.02892455 1.00000000

-0.08489078 -0.98694440 -0.13687390 0.00000000
-0.49466340 0.16099030 -0.85404320 0.00000000
0.86492880 -0.00479397 -0.50187190 0.00000000
0.03798654 1.32566200 0.06324219 1.00000000

-0.20521320 0.93545680 0.28776430 0.00000000
-0.28616590 0.22382310 -0.93167190 0.00000000
-0.93594690 -0.27353960 0.22176430 0.00000000
0.08523642 1.05667200 -0.05263048 1.00000000

0.30860920 0.94629120 -0.09640183 0.00000000
-0.73253680 0.17179530 -0.65869280 0.00000000
-0.60675380 0.27389670 0.74621070 0.00000000
-0.08539030 1.05973300 0.05297017 1.00000000

0.01148283 -0.97734660 0.21133310 0.00000000
-0.00460023 -0.21139660 -0.97738970 0.00000000
0.99992360 0.01025107 -0.00692368 0.00000000
0.00595602 1.81525100 0.05853747 1.00000000

-0.85165210 0.16995790 0.49578560 0.00000000
0.52027080 0.15989780 0.83889870 0.00000000
0.06330244 0.97239240 -0.22460120 0.00000000
0.12945580 1.63467200 0.04091131 1.00000000

-0.25591700 0.96575390 -0.04273119 0.00000000
0.51230900 0.17297810 0.84120050 0.00000000
0.81978450 0.19338570 -0.53903250 0.00000000
0.27173630 1.60627800 -0.04191674 1.00000000

-0.67095600 0.68852610 0.27522750 0.00000000
0.51466160 0.16522260 0.84132330 0.00000000
0.53379960 0.70613970 -0.46521500 0.00000000
0.27173610 1.60627800 -0.04191655 1.00000000

-0.73716880 0.42692670 0.52375220 0.00000000
0.57918790 -0.00000104 0.81519400 0.00000000
0.34802850 0.90428640 -0.24726970 0.00000000
0.09013777 1.77670500 0.09237131 1.00000000

0.69149210 0.16628940 -0.70298390 0.00000000
0.68041860 0.17692230 0.71114610 0.00000000
0.24262960 -0.97007560 0.00919380 0.00000000
-0.03259703 1.61679000 0.16235630 1.00000000

0.08113129 0.97233210 -0.21906360 0.00000000
0.52056180 0.14609190 0.84123260 0.00000000
0.84996090 -0.18228670 -0.49430630 0.00000000
-0.14812050 1.58900900 0.27979970 1.00000000

0.48214970 0.68954920 -0.54042060 0.00000000
0.59657810 0.19332360 0.77892250 0.00000000
0.64158170 -0.69796060 -0.31815910 0.00000000
-0.14812070 1.58900800 0.27979980 1.00000000

0.66497810 0.50152530 -0.55342240 0.00000000
-0.63968880 -0.00000030 -0.76863370 0.00000000
-0.38548950 0.86514300 0.32082010 0.00000000
0.00714214 1.76754700 0.15456980 1.00000000

-0.35794850 0.93080200 0.07403267 0.00000000
0.62243940 0.17875970 0.76198080 0.00000000
0.69601910 0.31883060 -0.64335440 0.00000000
0.29677100 0.90159950 -0.14559000 1.00000000

-0.40056270 0.91108600 0.09732572 0.00000000
0.61909130 0.19080920 0.76178640 0.00000000
0.67548220 0.36539650 -0.64047600 0.00000000
0.37721540 0.69241390 -0.16222800 1.00000000

0.13772640 0.94256140 -0.30431740 0.00000000
-0.45202530 -0.21356890 -0.86606100 0.00000000
-0.88130840 0.25683860 0.39664770 0.00000000
-0.25120620 0.91144220 0.22371960 1.00000000

0.10217960 0.95443830 -0.28036860 0.00000000
-0.45420600 -0.20598590 -0.86675640 0.00000000
-0.88501760 0.21590990 0.41246410 0.00000000
-0.28215860 0.69961390 0.29211090 1.00000000

0.17021580 -0.98194340 0.08254430 0.00000000
-0.57933090 -0.16748120 -0.79770020 0.00000000
0.79712130 0.08796059 -0.59737830 0.00000000
0.05181870 1.48562800 0.08552687 1.00000000

0.03881429 0.98243870 -0.18250360 0.00000000
-0.99912580 0.04099659 0.00819918 0.00000000
0.01553696 0.18202600 0.98317120 0.00000000
0.00047086 1.40631900 0.26772650 1.00000000

-0.10322020 0.99003730 -0.09576891 0.00000000
-0.47671960 0.03526278 0.87834780 0.00000000
0.87297420 0.13631840 0.46833010 0.00000000
0.23479480 1.40502100 0.13176100 1.00000000

-0.11791600 0.99033130 -0.07307479 0.00000000
-0.47317850 0.00866194 0.88092400 0.00000000
0.87303940 0.13845250 0.46758170 0.00000000
0.26026030 1.16077300 0.15538800 1.00000000

-0.32455860 0.94442130 0.05225248 0.00000000
0.62429240 0.17238790 0.76193270 0.00000000
0.71057790 0.27991250 -0.64554490 0.00000000
0.10290360 1.45783200 -0.11278880 1.00000000

0.02307762 0.98822910 -0.15123160 0.00000000
-0.99961540 0.02513650 0.01171687 0.00000000
0.01538017 0.15090330 0.98842890 0.00000000
-0.00910486 1.16394600 0.31275150 1.00000000

0.01627176 0.99344230 -0.11317290 0.00000000
-0.99977350 0.01771909 0.01179483 0.00000000
0.01372266 0.11295560 0.99350570 0.00000000
-0.01537149 0.89559940 0.35381700 1.00000000

0.01330478 0.99190970 -0.12624820 0.00000000
-0.99985680 0.01452055 0.00871521 0.00000000
0.01047760 0.12611440 0.99196050 0.00000000
-0.01824274 0.72029260 0.37378800 1.00000000

-0.17939040 0.97872270 -0.09960544 0.00000000
-0.47639640 0.00216118 0.87922820 0.00000000
0.86073570 0.20517690 0.46587190 0.00000000
0.31898520 0.71800820 0.18949750 1.00000000

-0.00255568 0.68355760 0.72989270 0.00000000
-0.01255366 0.72981540 -0.68352930 0.00000000
-0.99991810 -0.01090962 0.00671628 0.00000000
0.00572948 1.82216500 0.03603306 1.00000000

0.18698530 0.92542510 -0.32958280 0.00000000
-0.45112100 -0.21714190 -0.86564400 0.00000000
-0.87265470 0.31054440 0.37687630 0.00000000
-0.14595410 1.45921200 0.03160905 1.00000000

0.17150650 0.93091930 -0.32245100 0.00000000
-0.45134180 -0.21668840 -0.86564240 0.00000000
-0.87571450 0.29399900 0.38299940 0.00000000
-0.19510120 1.21597400 0.11823620 1.00000000

0.00460410 0.21139750 0.97738930 0.00000000
0.01148294 -0.97734640 0.21133390 0.00000000
0.99992360 0.01025034 -0.00692776 0.00000000
0.03381065 1.78565400 -0.01820485 1.00000000

0.00459611 0.21139780 0.97738930 0.00000000
-0.01147899 0.97734630 -0.21133430 0.00000000
-0.99992370 -0.01024815 0.00691894 0.00000000
-0.02234979 1.78507800 -0.01781609 1.00000000

-0.33185860 0.94152710 0.05828605 0.00000000
0.62424890 0.17286450 0.76186050 0.00000000
0.70723650 0.28921480 -0.64511350 0.00000000
0.18821040 1.20960100 -0.12652280 1.00000000

-0.25591700 0.96575390 -0.04273119 0.00000000
0.51230900 0.17297810 0.84120050 0.00000000
0.81978450 0.19338570 -0.53903250 0.00000000
0.27173630 1.60627800 -0.04191674 1.00000000

0.08113129 0.97233210 -0.21906360 0.00000000
0.52056180 0.14609190 0.84123260 0.00000000
0.84996090 -0.18228670 -0.49430630 0.00000000
-0.14812050 1.58900900 0.27979970 1.00000000

0.03647307 0.94736430 -0.31807340 0.00000000
-0.79405250 -0.16577570 -0.58480710 0.00000000
-0.60675410 0.27389670 0.74621040 0.00000000
-0.23592290 0.59815300 0.09999284 1.00000000

0.06058092 0.99433370 -0.08735156 0.00000000
-0.77838870 -0.00772189 -0.62773530 0.00000000
-0.62485260 0.10602230 0.77351020 0.00000000
-0.25371370 0.13604980 0.25514200 1.00000000

0.79985400 0.01189041 0.60007730 0.00000000
0.05985513 0.99323980 -0.09946278 0.00000000
-0.59720270 0.11547340 0.79373450 0.00000000
-0.40954000 -0.00017057 0.14793410 1.00000000

-0.30130580 0.94802580 -0.10228580 0.00000000
-0.18225920 -0.16255300 -0.96972100 0.00000000
-0.93594690 -0.27353990 0.22176450 0.00000000
0.18533490 0.60037730 -0.19299560 1.00000000

-0.18770640 0.98213030 -0.01367515 0.00000000
-0.11132750 -0.03510593 -0.99316380 0.00000000
-0.97589580 -0.18490060 0.11592760 0.00000000
0.33230510 0.13795150 -0.14310290 1.00000000

0.13249510 0.04390448 0.99021100 0.00000000
-0.20472460 0.97868900 -0.01600033 0.00000000
-0.96981090 -0.20060050 0.13865980 0.00000000
0.33663110 -0.00180809 -0.32959650 1.00000000

0.25835640 -0.90881710 0.32757120 0.00000000
-0.52374350 -0.41669530 -0.74300570 0.00000000
0.81175420 0.02039693 -0.58364330 0.00000000
0.03768470 1.70364000 0.09876637 1.00000000

-0.01082829 0.10842860 0.99404560 0.00000000
0.02729294 -0.99370120 0.10868820 0.00000000
0.99956910 0.02830735 0.00780046 0.00000000
0.03427649 1.85429100 -0.03271860 1.00000000

0.00491846 0.10889100 0.99404170 0.00000000
0.00541607 0.99403610 -0.10891700 0.00000000
-0.99997330 0.00591940 0.00429970 0.00000000
-0.02441713 1.85368900 -0.03231235 1.00000000

0.23318940 0.97149340 0.04271013 0.00000000
0.47242930 -0.15156890 0.86823760 0.00000000
0.84996090 -0.18228650 -0.49430640 0.00000000
-0.17119720 1.31244300 0.34210920 1.00000000

0.32152950 0.93184070 0.16820490 0.00000000
0.94357860 -0.30044070 -0.13927020 0.00000000
-0.07924134 0.20349380 -0.97586400 0.00000000
-0.24139350 1.01999700 0.32925220 1.00000000

-0.12532970 0.66302480 0.73803200 0.00000000
0.22472690 -0.70559070 0.67204160 0.00000000
0.96632890 0.25008230 -0.06056842 0.00000000
-0.24042340 1.01751800 0.28220840 1.00000000

-0.23650030 0.95595230 0.17384990 0.00000000
0.10137650 -0.15367180 0.98290760 0.00000000
0.96632890 0.25008220 -0.06056815 0.00000000
-0.23212620 0.97362390 0.23334830 1.00000000

-0.21296900 0.95321090 0.21455640 0.00000000
0.96821950 0.23536300 -0.08459371 0.00000000
-0.13113390 0.18972170 -0.97304120 0.00000000
-0.27867080 0.92070200 0.32736870 1.00000000

-0.91177770 0.35957550 0.19841380 0.00000000
0.38844570 0.91190530 0.13243790 0.00000000
-0.13331280 0.19782660 -0.97112910 0.00000000
-0.26557820 0.86210220 0.31417850 1.00000000

0.13777830 0.95881400 0.24838270 0.00000000
0.98933120 -0.12123580 -0.08078705 0.00000000
-0.04734641 0.25686340 -0.96528730 0.00000000
-0.28357030 0.93907900 0.26200330 1.00000000

-0.71141750 0.66968320 0.21309770 0.00000000
0.70117360 0.69681180 0.15102950 0.00000000
-0.04734659 0.25686340 -0.96528710 0.00000000
-0.29261900 0.87610850 0.24569050 1.00000000

-0.07794411 0.97017710 0.22952440 0.00000000
0.56734410 -0.14614570 0.81040860 0.00000000
0.81978410 0.19338560 -0.53903310 0.00000000
0.34452810 1.33158400 -0.02976245 1.00000000

-0.00496476 0.93084120 0.36539110 0.00000000
-0.54259870 -0.30943520 0.78092060 0.00000000
0.83997760 -0.19438340 0.50660900 0.00000000
0.36799140 1.03953400 -0.09885560 1.00000000

0.70783440 0.67134510 0.21969630 0.00000000
0.50948820 -0.70064610 0.49951680 0.00000000
0.48927760 -0.24164290 -0.83798400 0.00000000
0.32551100 1.03657800 -0.11902720 1.00000000

0.24923210 0.95952000 -0.13116860 0.00000000
0.83575790 -0.14467460 0.52969620 0.00000000
0.48927750 -0.24164290 -0.83798410 0.00000000
0.27865010 0.99213310 -0.13357180 1.00000000

0.27504180 0.95704840 -0.09171336 0.00000000
-0.51149190 0.22643030 0.82891880 0.00000000
0.81408140 -0.18107640 0.55179970 0.00000000
0.38421530 0.94052970 -0.13331720 1.00000000

0.58088800 0.36443670 -0.72784320 0.00000000
-0.06378428 0.91180430 0.40564200 0.00000000
0.81148090 -0.18920730 0.55290070 0.00000000
0.36730680 0.88169410 -0.12767900 1.00000000

0.14846360 0.96008530 0.23705660 0.00000000
-0.51301220 -0.13016340 0.84845540 0.00000000
0.84544530 -0.24757750 0.47321050 0.00000000
0.32770990 0.95829270 -0.16687260 1.00000000

0.50116570 0.67395730 -0.54278440 0.00000000
-0.18454280 0.69605140 0.69387110 0.00000000
0.84544520 -0.24757720 0.47321070 0.00000000
0.31795930 0.89523860 -0.18244140 1.00000000

0.00460219 0.21139750 0.97738970 0.00000000
-0.01148495 0.97734650 -0.21133360 0.00000000
-0.99992380 -0.01025273 0.00692618 0.00000000
0.01253168 1.78859700 -0.03221835 1.00000000

0.00410816 0.21139280 0.97739290 0.00000000
-0.01196733 0.97734140 -0.21133110 0.00000000
-0.99992010 -0.01082866 0.00654513 0.00000000
-0.00132454 1.78845500 -0.03212255 1.00000000

0.00411061 0.21139210 0.97739290 0.00000000
-0.01197036 0.97734140 -0.21133050 0.00000000
-0.99992010 -0.01083107 0.00654826 0.00000000
0.00478203 1.85239700 -0.05606591 1.00000000

0.00459963 0.21139780 0.97738930 0.00000000
-0.01148224 0.97734630 -0.21133420 0.00000000
-0.99992360 -0.01025061 0.00692296 0.00000000
0.00480262 1.86234200 -0.03836562 1.00000000

0.00684497 0.00730565 0.99995010 0.00000000
0.01030169 -0.99992070 0.00723472 0.00000000
0.99992360 0.01025170 -0.00692016 0.00000000
0.03708425 1.85476700 -0.02804196 1.00000000

-0.00134248 0.62014100 0.78448960 0.00000000
-0.01259080 0.78441770 -0.62010540 0.00000000
-0.99992020 -0.01070979 0.00675532 0.00000000
0.03708425 1.85476700 -0.02804196 1.00000000

0.00426394 0.21139260 0.97739220 0.00000000
-0.01208313 0.97734090 -0.21132850 0.00000000
-0.99991810 -0.01090892 0.00672201 0.00000000
0.00580539 1.77859200 -0.02346721 1.00000000

0.00684875 0.00730367 0.99995000 0.00000000
0.01030117 -0.99992080 0.00723271 0.00000000
0.99992360 0.01025115 -0.00692386 0.00000000
-0.02717497 1.85410800 -0.02759713 1.00000000

-0.00092575 0.62014370 0.78448770 0.00000000
-0.01233557 0.78442110 -0.62010560 0.00000000
-0.99992360 -0.01025110 0.00692406 0.00000000
-0.02717497 1.85410800 -0.02759713 1.00000000

-0.15134040 0.98517010 -0.08084705 0.00000000
-0.47214650 -0.00018908 0.88152020 0.00000000
0.86843170 0.17158140 0.46517270 0.00000000
0.29227920 0.89185550 0.17523080 1.00000000

-1.00000000 0.00000000 0.00000000 0.00000000
0.00000000 -0.00000012 1.00000000 0.00000000
0.00000000 1.00000000 0.00000012 0.00000000
0.00000000 0.00000000 0.00000000 1.00000000

-0.16339240 -0.95811680 -0.23519120 0.00000000
-0.50027980 0.28593690 -0.81728800 0.00000000
0.85030750 -0.01587728 -0.52604640 0.00000000
0.00005323 1.05771300 0.00029814 1.00000000

-0.13651270 -0.96776360 -0.21165410 0.00000000
-0.46722970 0.25129670 -0.84767090 0.00000000
0.87353340 -0.01682677 -0.48647310 0.00000000
0.01598340 1.16828400 0.02923021 1.00000000

-0.08294042 -0.98738800 -0.13485390 0.00000000
-0.49266170 0.15825320 -0.85570990 0.00000000
0.86625920 -0.00453558 -0.49957400 0.00000000
0.03817020 1.32509900 0.06364129 1.00000000

-0.20449310 0.93472480 0.29064060 0.00000000
-0.28599600 0.22690710 -0.93097740 0.00000000
-0.93615640 -0.27350060 0.22092670 0.00000000
0.08537498 1.05612000 -0.05248678 1.00000000

0.31061210 0.94580760 -0.09470164 0.00000000
-0.73137230 0.17416890 -0.65936270 0.00000000
-0.60713640 0.27406830 0.74583630 0.00000000
-0.08526849 1.05930700 0.05308301 1.00000000

0.01014245 -0.97783310 0.20914000 0.00000000
-0.00583819 -0.20920510 -0.97785420 0.00000000
0.99993150 0.00869690 -0.00783089 0.00000000
0.00506933 1.81447700 0.05717934 1.00000000

-0.85075850 0.17473420 0.49565940 0.00000000
0.52154540 0.16439110 0.83723710 0.00000000
0.06481190 0.97079550 -0.23098870 0.00000000
0.12886490 1.63420300 0.04026874 1.00000000

-0.25612680 0.96568180 -0.04310640 0.00000000
0.51117480 0.17315750 0.84185310 0.00000000
0.82042660 0.19358610 -0.53798240 0.00000000
0.27099620 1.60501200 -0.04253813 1.00000000

-0.66999920 0.69009230 0.27363220 0.00000000
0.51535730 0.16706780 0.84053300 0.00000000
0.53433020 0.70417470 -0.46757910 0.00000000
0.27099600 1.60501200 -0.04253800 1.00000000

-0.73661040 0.42948900 0.52244030 0.00000000
0.57851430 -0.00000047 0.81567180 0.00000000
0.35032250 0.90307190 -0.24846520 0.00000000
0.08929002 1.77633300 0.09126494 1.00000000

0.69258140 0.16842890 -0.70140030 0.00000000
0.67773820 0.18099420 0.71267900 0.00000000
0.24698510 -0.96895430 0.01120245 0.00000000
-0.03291026 1.61637900 0.16209160 1.00000000

0.07952076 0.97241220 -0.21929570 0.00000000
0.52492740 0.14617000 0.83850190 0.00000000
0.84742410 -0.18179250 -0.49882230 0.00000000
-0.14861570 1.58824000 0.27927050 1.00000000

0.48055880 0.69056890 -0.54053470 0.00000000
0.59681880 0.19408180 0.77854950 0.00000000
0.64255010 -0.69674000 -0.31887690 0.00000000
-0.14861580 1.58824000 0.27927060 1.00000000

0.66409390 0.50233240 -0.55375210 0.00000000
-0.64041650 -0.00000051 -0.76802740 0.00000000
-0.38580550 0.86467450 0.32170170 0.00000000
0.00643657 1.76720400 0.15365700 1.00000000

-0.34896760 0.93453120 0.06980822 0.00000000
0.62258120 0.17551450 0.76261860 0.00000000
0.70043820 0.30959040 -0.64306990 0.00000000
0.29684260 0.90058570 -0.14489500 1.00000000

-0.39102930 0.91570430 0.09263784 0.00000000
0.61949010 0.18741960 0.76230290 0.00000000
0.68068190 0.35547090 -0.64055600 0.00000000
0.37526860 0.69056200 -0.16058360 1.00000000

0.13832790 0.94165880 -0.30682950 0.00000000
-0.45091660 -0.21595370 -0.86604700 0.00000000
-0.88178190 0.25815320 0.39473720 0.00000000
-0.25403050 0.91162260 0.22488530 1.00000000

0.09635402 0.95534870 -0.27932960 0.00000000
-0.45306130 -0.20778200 -0.86692630 0.00000000
-0.88625690 0.21008530 0.41281100 0.00000000
-0.28511790 0.69999710 0.29384110 1.00000000

0.17282960 -0.98119500 0.08594176 0.00000000
-0.58043320 -0.17195470 -0.79594480 0.00000000
0.79575540 0.08767942 -0.59923710 0.00000000
0.05168639 1.48513700 0.08559838 1.00000000

0.03839545 0.98118890 -0.18919380 0.00000000
-0.99914950 0.04054429 0.00749981 0.00000000
0.01502928 0.18874510 0.98191070 0.00000000
-0.00001579 1.40615800 0.26784190 1.00000000

-0.10642790 0.98952520 -0.09753463 0.00000000
-0.47708880 0.03524351 0.87814820 0.00000000
0.87238690 0.13999230 0.46834020 0.00000000
0.23466860 1.40493100 0.13249900 1.00000000

-0.11475750 0.99116580 -0.06649268 0.00000000
-0.47294150 0.00435051 0.88108310 0.00000000
0.87358830 0.13255820 0.46826380 0.00000000
0.26092540 1.16080900 0.15656160 1.00000000

-0.32615010 0.94391110 0.05155516 0.00000000
0.62273200 0.17350160 0.76295570 0.00000000
0.71121760 0.28094320 -0.64439110 0.00000000
0.10333970 1.45697400 -0.11251760 1.00000000

0.02289982 0.98864240 -0.14853430 0.00000000
-0.99962740 0.02484888 0.01128015 0.00000000
0.01484272 0.14822080 0.98884260 0.00000000
-0.00948816 1.16409400 0.31451740 1.00000000

0.01821642 0.99375390 -0.11009790 0.00000000
-0.99974550 0.01956789 0.01120817 0.00000000
0.01329234 0.10986580 0.99385710 0.00000000
-0.01570649 0.89563510 0.35485050 1.00000000

0.01710276 0.99285020 -0.11813700 0.00000000
-0.99980690 0.01812582 0.00759160 0.00000000
0.00967842 0.11798440 0.99296800 0.00000000
-0.01892088 0.72027330 0.37427880 1.00000000

-0.17029810 0.98053210 -0.09775528 0.00000000
-0.47727130 0.00471532 0.87874350 0.00000000
0.86209650 0.19630430 0.46717640 0.00000000
0.31741860 0.71758540 0.18855640 1.00000000

-0.00080545 0.68192860 0.73141860 0.00000000
-0.01203957 0.73135930 -0.68188610 0.00000000
-0.99992730 -0.00935517 0.00762153 0.00000000
0.00483279 1.82144100 0.03469064 1.00000000

0.19288880 0.92346520 -0.33167150 0.00000000
-0.44922880 -0.21740170 -0.86656170 0.00000000
-0.87234590 0.31614650 0.37291300 0.00000000
-0.14590080 1.45827900 0.03121912 1.00000000

0.17555980 0.92909100 -0.32552830 0.00000000
-0.44994900 -0.21838100 -0.86594150 0.00000000
-0.87562820 0.29849590 0.37970490 0.00000000
-0.19659950 1.21555600 0.11839520 1.00000000

0.00584236 0.20920600 0.97785390 0.00000000
0.01014255 -0.97783290 0.20914070 0.00000000
0.99993150 0.00869617 -0.00783491 0.00000000
0.03280630 1.78500800 -0.01965468 1.00000000

0.00583422 0.20920630 0.97785400 0.00000000
-0.01013862 0.97783280 -0.20914110 0.00000000
-0.99993150 -0.00869401 0.00782621 0.00000000
-0.02335456 1.78451900 -0.01921493 1.00000000

-0.32946530 0.94241190 0.05755121 0.00000000
0.62375660 0.17149540 0.76257220 0.00000000
0.70878740 0.28713900 -0.64433720 0.00000000
0.18906480 1.20887700 -0.12606830 1.00000000

-0.25612680 0.96568180 -0.04310640 0.00000000
0.51117480 0.17315750 0.84185310 0.00000000
0.82042660 0.19358610 -0.53798240 0.00000000
0.27099620 1.60501200 -0.04253813 1.00000000

0.07952076 0.97241220 -0.21929570 0.00000000
0.52492740 0.14617000 0.83850190 0.00000000
0.84742410 -0.18179250 -0.49882230 0.00000000
-0.14861570 1.58824000 0.27927050 1.00000000

0.03483948 0.94691320 -0.31959630 0.00000000
-0.79383320 -0.16805430 -0.58445370 0.00000000
-0.60713660 0.27406820 0.74583620 0.00000000
-0.23677810 0.59796290 0.09927632 1.00000000

0.06041081 0.99434630 -0.08733001 0.00000000
-0.77824010 -0.00786664 -0.62791740 0.00000000
-0.62505430 0.10589670 0.77336470 0.00000000
-0.25377190 0.13607970 0.25516820 1.00000000

0.79971110 0.01203946 0.60026440 0.00000000
0.05968797 0.99325180 -0.09944145 0.00000000
-0.59741090 0.11535290 0.79359550 0.00000000
-0.40954700 -0.00016974 0.14792290 1.00000000

-0.30160620 0.94764760 -0.10486910 0.00000000
-0.18067900 -0.16480690 -0.96963560 0.00000000
-0.93615630 -0.27350060 0.22092690 0.00000000
0.18512210 0.60018200 -0.19425480 1.00000000

-0.18789270 0.98209380 -0.01370993 0.00000000
-0.11109120 -0.03511880 -0.99318930 0.00000000
-0.97588690 -0.18509010 0.11570070 0.00000000
0.33223900 0.13794060 -0.14310200 1.00000000

0.13215070 0.04394683 0.99025490 0.00000000
-0.20500970 0.97862800 -0.01607191 0.00000000
-0.96979780 -0.20088810 0.13833600 0.00000000
0.33663510 -0.00181667 -0.32959580 1.00000000

0.26026320 -0.90640800 0.33269640 0.00000000
-0.52430990 -0.42201660 -0.73959480 0.00000000
0.81077860 0.01805336 -0.58507440 0.00000000
0.03703224 1.70316200 0.09803776 1.00000000

-0.00973657 0.10622460 0.99429460 0.00000000
0.02583161 -0.99398310 0.10644390 0.00000000
0.99961870 0.02672073 0.00693372 0.00000000
0.03336659 1.85367600 -0.03401559 1.00000000

0.00601107 0.10666230 0.99427710 0.00000000
0.00687753 0.99426720 -0.10670260 0.00000000
-0.99995820 0.00747952 0.00524336 0.00000000
-0.02532748 1.85316600 -0.03355604 1.00000000

0.23071520 0.97229430 0.03760392 0.00000000
0.47816590 -0.14695210 0.86588800 0.00000000
0.84742430 -0.18179250 -0.49882220 0.00000000
-0.17123430 1.31165200 0.34164600 1.00000000

0.31993380 0.93336490 0.16270300 0.00000000
0.94354770 -0.29833560 -0.14392260 0.00000000
-0.08579198 0.19956360 -0.97612180 0.00000000
-0.24068590 1.01896400 0.33032620 1.00000000

-0.12266740 0.66547100 0.73627490 0.00000000
0.23082330 -0.70240300 0.67331280 0.00000000
0.96523240 0.25254330 -0.06744456 0.00000000
-0.23999710 1.01631000 0.28328690 1.00000000

-0.23811640 0.95594230 0.17168230 0.00000000
0.10782970 -0.14965360 0.98284090 0.00000000
0.96523250 0.25254310 -0.06744426 0.00000000
-0.23187610 0.97225360 0.23454310 1.00000000

-0.21185110 0.95409380 0.21171700 0.00000000
0.96754990 0.23528400 -0.09213462 0.00000000
-0.13771860 0.18532780 -0.97297830 0.00000000
-0.27769470 0.91955940 0.32904710 1.00000000

-0.90952700 0.36257420 0.20322520 0.00000000
0.39140560 0.91165670 0.12523370 0.00000000
-0.13986480 0.19344670 -0.97108990 0.00000000
-0.26467090 0.86090540 0.31603150 1.00000000

0.13919600 0.95983240 0.24361010 0.00000000
0.98879030 -0.12129740 -0.08706675 0.00000000
-0.05402011 0.25299840 -0.96595740 0.00000000
-0.28304630 0.93767440 0.26364390 1.00000000

-0.70829020 0.67217150 0.21566210 0.00000000
0.70385150 0.69582830 0.14288560 0.00000000
-0.05402017 0.25299840 -0.96595750 0.00000000
-0.29218800 0.87463670 0.24764460 1.00000000

-0.07831232 0.97011610 0.22965730 0.00000000
0.56636350 -0.14628630 0.81106880 0.00000000
0.82042670 0.19358600 -0.53798210 0.00000000
0.34384760 1.33033800 -0.03027709 1.00000000

-0.00549603 0.93075450 0.36560400 0.00000000
-0.54352790 -0.30966800 0.78018180 0.00000000
0.83937350 -0.19442810 0.50759230 0.00000000
0.36742170 1.03830600 -0.09941023 1.00000000

0.70750470 0.67135630 0.22072190 0.00000000
0.50893830 -0.70071820 0.49997560 0.00000000
0.49032610 -0.24140140 -0.83744040 0.00000000
0.32496640 1.03535200 -0.11963460 1.00000000

0.24930690 0.95957270 -0.13063670 0.00000000
0.83512090 -0.14472490 0.53068580 0.00000000
0.49032580 -0.24140130 -0.83744050 0.00000000
0.27812730 0.99090570 -0.13424710 1.00000000

0.27504590 0.95710340 -0.09112272 0.00000000
-0.51253930 0.22615430 0.82834670 0.00000000
0.81342100 -0.18112930 0.55275520 0.00000000
0.38369670 0.93931170 -0.13387530 1.00000000

0.58186920 0.36304180 -0.72775620 0.00000000
-0.06334323 0.91235050 0.40448140 0.00000000
0.81081210 -0.18925680 0.55386430 0.00000000
0.36678800 0.88047270 -0.12827340 1.00000000

0.14806690 0.96003760 0.23749520 0.00000000
-0.51404580 -0.13044470 0.84778600 0.00000000
0.84488670 -0.24761260 0.47418860 0.00000000
0.32723080 0.95707760 -0.16749580 1.00000000

0.50209750 0.67289580 -0.54323940 0.00000000
-0.18456670 0.69706470 0.69284640 0.00000000
0.84488680 -0.24761260 0.47418850 0.00000000
0.31750640 0.89402650 -0.18309330 1.00000000

0.00584033 0.20920610 0.97785420 0.00000000
-0.01014455 0.97783320 -0.20914050 0.00000000
-0.99993170 -0.00869849 0.00783357 0.00000000
0.01151900 1.78801500 -0.03364173 1.00000000

0.00534558 0.20920210 0.97785790 0.00000000
-0.01062697 0.97782870 -0.20913750 0.00000000
-0.99992910 -0.00927375 0.00745052 0.00000000
-0.00233732 1.78789500 -0.03353332 1.00000000

0.00534850 0.20920140 0.97785790 0.00000000
-0.01062991 0.97782870 -0.20913680 0.00000000
-0.99992910 -0.00927608 0.00745386 0.00000000
0.00384754 1.85188100 -0.05733963 1.00000000

0.00583774 0.20920630 0.97785390 0.00000000
-0.01014186 0.97783270 -0.20914110 0.00000000
-0.99993160 -0.00869642 0.00783029 0.00000000
0.00390018 1.86178600 -0.03961721 1.00000000

0.00778306 0.00506097 0.99995680 0.00000000
0.00873667 -0.99994950 0.00499287 0.00000000
0.99993160 0.00869745 -0.00782734 0.00000000
0.03617937 1.85413700 -0.02934056 1.00000000

0.00035915 0.61838830 0.78587290 0.00000000
-0.01193222 0.78581980 -0.61834060 0.00000000
-0.99992890 -0.00915527 0.00766125 0.00000000
0.03617937 1.85413700 -0.02934056 1.00000000

0.00550133 0.20920170 0.97785710 0.00000000
-0.01074263 0.97782800 -0.20913480 0.00000000
-0.99992720 -0.00935432 0.00762707 0.00000000
0.00478514 1.77800200 -0.02490684 1.00000000

0.00778693 0.00505902 0.99995680 0.00000000
0.00873610 -0.99994950 0.00499083 0.00000000
0.99993160 0.00869693 -0.00783122 0.00000000
-0.02808033 1.85357900 -0.02883744 1.00000000

0.00077614 0.61839040 0.78587060 0.00000000
-0.01167721 0.78582300 -0.61834120 0.00000000
-0.99993140 -0.00869688 0.00783137 0.00000000
-0.02808033 1.85357900 -0.02883744 1.00000000

-0.14355380 0.98648520 -0.07899213 0.00000000
-0.47282670 0.00175189 0.88115380 0.00000000
0.86938310 0.16384260 0.46618460 0.00000000
0.29208670 0.89166470 0.17461710 1.00000000

-1.00000000 0.00000000 0.00000000 0.00000000
0.00000000 -0.00000012 1.00000000 0.00000000
0.00000000 1.00000000 0.00000012 0.00000000
0.00000000 0.00000000 0.00000000 1.00000000

-0.16519410 -0.95731570 -0.23718800 0.00000000
-0.49921750 0.28857090 -0.81701240 0.00000000
0.85058400 -0.01655724 -0.52557860 0.00000000
0.00036101 1.05708000 0.00038664 1.00000000

-0.13671710 -0.96740660 -0.21315110 0.00000000
-0.46609580 0.25268630 -0.84788260 0.00000000
0.87410730 -0.01657120 -0.48545040 0.00000000
0.01633626 1.16755600 0.02965564 1.00000000

-0.08043175 -0.98777440 -0.13353930 0.00000000
-0.49034160 0.15585200 -0.85748230 0.00000000
0.86781120 -0.00348897 -0.49688200 0.00000000
0.03855590 1.32431300 0.06430954 1.00000000

-0.20344800 0.93375010 0.29448270 0.00000000
-0.28519210 0.23121350 -0.93016450 0.00000000
-0.93662950 -0.27322420 0.21925820 0.00000000
0.08571053 1.05541800 -0.05235133 1.00000000

0.31316230 0.94516500 -0.09269867 0.00000000
-0.72963300 0.17696590 -0.66054460 0.00000000
-0.60791910 0.27449370 0.74504230 0.00000000
-0.08498847 1.05874100 0.05312454 1.00000000

0.00831547 -0.97863300 0.20544710 0.00000000
-0.00659019 -0.20550340 -0.97863440 0.00000000
0.99994370 0.00678383 -0.00815803 0.00000000
0.00418114 1.81342400 0.05602401 1.00000000

-0.85063650 0.18106010 0.49359370 0.00000000
0.52135830 0.16933860 0.83636770 0.00000000
0.06784815 0.96878390 -0.23844270 0.00000000
0.12838800 1.63352000 0.04008418 1.00000000

-0.25604090 0.96571870 -0.04278814 0.00000000
