MeshAnim
1
20
71
30
0.27312290 -0.92980530 -0.24671110 0.00000000
-0.57704700 -0.36355200 0.73133220 0.00000000
-0.76968860 -0.05737957 -0.63583550 0.00000000
0.07220998 1.04143000 -0.30665540 1.00000000

0.26731570 -0.84089360 -0.47057510 0.00000000
0.09050740 -0.46427730 0.88105330 0.00000000
-0.95934920 -0.27810980 -0.04800135 0.00000000
0.03389384 1.14381100 -0.26963490 1.00000000

0.00833046 -0.62466220 -0.78085080 0.00000000
0.43712560 -0.70004150 0.56467970 0.00000000
-0.89936190 -0.34603390 0.26722430 0.00000000
-0.00948364 1.28017600 -0.19344650 1.00000000

0.18925320 0.98019620 -0.05830136 0.00000000
-0.06341745 0.07145175 0.99542580 0.00000000
0.97987830 -0.18469050 0.07568390 0.00000000
-0.00502244 1.03567200 -0.37045650 1.00000000

0.00258206 0.95859440 -0.28476450 0.00000000
0.07177316 0.28385350 0.95617770 0.00000000
0.99741770 -0.02290755 -0.06806853 0.00000000
0.14944230 1.04718800 -0.24285420 1.00000000

0.19672620 -0.88912480 -0.41322720 0.00000000
0.00516495 -0.42051770 0.90726950 0.00000000
-0.98044500 -0.18061770 -0.07813445 0.00000000
0.15011150 1.50065300 0.19262980 1.00000000

0.72510970 0.22410280 -0.65114810 0.00000000
-0.42094590 0.89258200 -0.16156340 0.00000000
0.54499600 0.39124930 0.74155490 0.00000000
-0.01517294 1.43465900 0.09858710 1.00000000

0.47913420 0.67515250 0.56089200 0.00000000
-0.81639180 0.57749420 0.00225528 0.00000000
-0.32238910 -0.45898810 0.82788600 0.00000000
-0.13631270 1.39721900 0.20737060 1.00000000

0.78132550 0.61994060 -0.07214043 0.00000000
-0.62107820 0.78370680 0.00813961 0.00000000
0.06158303 0.03844556 0.99736130 0.00000000
-0.13631270 1.39721900 0.20737050 1.00000000

0.79218500 0.55809200 -0.24693400 0.00000000
-0.57502900 0.81812240 0.00428514 0.00000000
0.20441360 0.13859970 0.96902290 0.00000000
0.07780159 1.54294300 0.16181460 1.00000000

-0.87904620 -0.15903730 0.44942680 0.00000000
-0.30292250 0.91427460 -0.26896220 0.00000000
-0.36812410 -0.37257180 -0.85186580 0.00000000
0.11676500 1.49709900 -0.04291672 1.00000000

-0.21951880 0.62817840 0.74646120 0.00000000
-0.18683280 0.72389500 -0.66413120 0.00000000
-0.95755140 -0.28525230 -0.04154423 0.00000000
0.26362220 1.52366900 -0.11799980 1.00000000

-0.63482810 0.25690620 0.72869260 0.00000000
-0.19260550 0.86071490 -0.47124650 0.00000000
-0.74826220 -0.43951080 -0.49692450 0.00000000
0.26362230 1.52366900 -0.11799960 1.00000000

-0.32071700 0.03140399 0.94665430 0.00000000
0.41291950 -0.89484160 0.16957780 0.00000000
0.85243070 0.44527840 0.27402370 0.00000000
0.14537390 1.57492200 0.08934301 1.00000000

0.57174940 -0.12082400 0.81148270 0.00000000
0.14601900 0.98829110 0.04426834 0.00000000
-0.80732970 0.09318161 0.58269720 0.00000000
-0.48782160 0.91515980 -0.28318560 1.00000000

0.10723120 -0.00292319 0.99422970 0.00000000
0.13006270 0.99144380 -0.01111278 0.00000000
-0.98569010 0.13050420 0.10669380 0.00000000
-0.61631510 0.94231330 -0.46555580 1.00000000

-0.28227260 0.62271250 0.72976130 0.00000000
-0.20090260 -0.78219900 0.58974860 0.00000000
0.93806250 0.01985889 0.34589750 0.00000000
0.29991600 1.02151400 -0.56211170 1.00000000

-0.63916080 0.19199650 0.74472260 0.00000000
-0.06354429 -0.97821020 0.19765430 0.00000000
0.76644410 0.07900980 0.63743330 0.00000000
0.36335310 0.88156720 -0.72611590 1.00000000

-0.57576200 -0.39974610 -0.71323310 0.00000000
0.49730440 -0.86363660 0.08259009 0.00000000
-0.64898900 -0.30714140 0.69604430 0.00000000
-0.01089790 1.38152000 -0.06691259 1.00000000

-0.04381086 0.05690488 0.99741810 0.00000000
0.99725960 -0.05708589 0.04706058 0.00000000
0.05961635 0.99674650 -0.05424780 0.00000000
0.04892307 1.49244200 -0.22892180 1.00000000

0.47490330 0.12452010 0.87118420 0.00000000
0.57526030 0.70523560 -0.41438900 0.00000000
-0.66598980 0.69795280 0.26328740 0.00000000
-0.19472900 1.39869600 -0.15652640 1.00000000

0.15001310 0.11303060 0.98220190 0.00000000
0.65500380 0.73278810 -0.18436800 0.00000000
-0.74058490 0.67100400 0.03589254 0.00000000
-0.31189020 1.36797600 -0.37145180 1.00000000

0.65975950 0.64838730 0.37988340 0.00000000
-0.73968120 0.64953270 0.17600960 0.00000000
-0.13262440 -0.39711650 0.90813490 0.00000000
-0.07881697 1.20261200 0.01111835 1.00000000

-0.30657810 0.35619210 0.88268770 0.00000000
0.94489460 0.00201918 0.32736900 0.00000000
0.11482400 0.93441080 -0.33718290 0.00000000
0.05973144 1.47840300 -0.47498980 1.00000000

-0.59606600 0.48090830 0.64298770 0.00000000
0.77606910 0.13964280 0.61499330 0.00000000
0.20596670 0.86557930 -0.45645420 0.00000000
0.14298050 1.38168100 -0.71467730 1.00000000

-0.41039530 0.21283230 0.88672350 0.00000000
0.90010170 -0.06142135 0.43132910 0.00000000
0.14626430 0.97515670 -0.16636350 0.00000000
0.24816470 1.29681900 -0.82814190 1.00000000

-0.07447489 0.34101550 0.93710340 0.00000000
0.76738790 0.61971430 -0.16452920 0.00000000
-0.63684330 0.70686880 -0.30784400 0.00000000
-0.29505220 1.30841400 -0.80245280 1.00000000

-0.10510190 0.81770860 -0.56595640 0.00000000
-0.16587800 0.54672070 0.82071980 0.00000000
0.98052980 0.18013880 0.07817838 0.00000000
0.14795200 1.50225600 0.21601910 1.00000000

-0.36053580 0.39929880 0.84295590 0.00000000
-0.10977560 -0.91562040 0.38676730 0.00000000
0.92626320 0.04690727 0.37394680 0.00000000
0.17994780 1.30217200 -0.06576693 1.00000000

-0.07704999 0.53711660 0.83998170 0.00000000
-0.17059970 -0.83716390 0.51966580 0.00000000
0.98232360 -0.10326040 0.15613510 0.00000000
0.27471070 1.19722100 -0.28732860 1.00000000

-0.00516963 0.42051800 -0.90726940 0.00000000
0.19672590 -0.88912430 -0.41322840 0.00000000
-0.98044500 -0.18061940 -0.07813036 0.00000000
0.12556220 1.44987800 0.25866410 1.00000000

-0.00516199 0.42051930 -0.90726870 0.00000000
-0.19672930 0.88912370 0.41322810 0.00000000
0.98044440 0.18061930 0.07813878 0.00000000
0.18062890 1.46002200 0.26305240 1.00000000

0.72018600 0.35775100 0.59442960 0.00000000
-0.21440050 0.92962280 -0.29972450 0.00000000
-0.65982190 0.08841136 0.74620290 0.00000000
-0.25222750 1.03219100 -0.08872974 1.00000000

0.47913420 0.67515250 0.56089200 0.00000000
-0.81639180 0.57749420 0.00225528 0.00000000
-0.32238910 -0.45898810 0.82788600 0.00000000
-0.13631270 1.39721900 0.20737060 1.00000000

-0.21951880 0.62817840 0.74646120 0.00000000
-0.18683280 0.72389500 -0.66413120 0.00000000
-0.95755140 -0.28525230 -0.04154423 0.00000000
0.26362220 1.52366900 -0.11799980 1.00000000

0.04918271 0.90852260 0.41493150 0.00000000
0.05233666 -0.41720800 0.90730270 0.00000000
0.99741760 -0.02290758 -0.06806865 0.00000000
0.14818270 0.57960710 -0.10395250 1.00000000

-0.00274339 0.99999360 0.00250730 0.00000000
0.04673590 -0.00237626 0.99890430 0.00000000
0.99890360 0.00285740 -0.04672918 0.00000000
0.12419260 0.13644990 -0.30634690 1.00000000

-0.38523160 0.06931865 -0.92021270 0.00000000
0.00744164 0.99737610 0.07201588 0.00000000
0.92279020 0.02089478 -0.38473650 0.00000000
0.13342880 0.00047636 -0.11725100 1.00000000

-0.18980210 -0.74489020 0.63962040 0.00000000
-0.06175536 -0.64111530 -0.76495610 0.00000000
0.97987840 -0.18469040 0.07568391 0.00000000
-0.09733593 0.55755420 -0.34201840 1.00000000

-0.21134690 -0.89705780 0.38809880 0.00000000
0.28788250 -0.43658620 -0.85235950 0.00000000
0.93405390 -0.06841682 0.35051800 0.00000000
-0.00475475 0.92089510 -0.65401090 1.00000000

-0.28788220 0.43658630 0.85235950 0.00000000
-0.21134690 -0.89705750 0.38809890 0.00000000
0.93405400 -0.06841686 0.35051800 0.00000000
0.07848269 0.95967210 -0.86825190 1.00000000

-0.45861580 0.00451338 -0.88862320 0.00000000
0.20309240 -0.97298910 -0.10975740 0.00000000
-0.86511560 -0.23080880 0.44531140 0.00000000
0.09378891 1.50120700 0.08349812 1.00000000

0.03504492 0.47512600 -0.87921960 0.00000000
0.18011540 -0.86835740 -0.46207650 0.00000000
-0.98302110 -0.14216730 -0.11600910 0.00000000
0.11051640 1.51215300 0.28725430 1.00000000

-0.06589681 0.45653280 -0.88726290 0.00000000
-0.21217970 0.86244930 0.45952340 0.00000000
0.97500680 0.21854010 0.04003432 0.00000000
0.16806650 1.52275400 0.29184070 1.00000000

-0.13185480 0.56158240 -0.81684730 0.00000000
0.25633830 -0.77669610 -0.57535620 0.00000000
-0.95755150 -0.28525230 -0.04154423 0.00000000
0.32606110 1.34499200 -0.33031960 1.00000000

-0.13185470 0.56158260 -0.81684730 0.00000000
-0.51006090 -0.74501850 -0.42986680 0.00000000
-0.84997170 0.35996270 0.38467560 0.00000000
0.36575280 1.17594100 -0.08442631 1.00000000

0.68526640 0.56333610 -0.46158690 0.00000000
0.61258470 -0.78862510 -0.05302843 0.00000000
-0.39389150 -0.24642260 -0.88550900 0.00000000
0.32434430 1.18057300 -0.06242439 1.00000000

0.28635000 0.88255010 -0.37297320 0.00000000
0.87341450 -0.40047730 -0.27706610 0.00000000
-0.39389180 -0.24642260 -0.88550880 0.00000000
0.27897760 1.14327800 -0.03186595 1.00000000

0.35469220 0.84456400 -0.40113030 0.00000000
-0.59498690 -0.12706080 -0.79362880 0.00000000
-0.72123770 0.52016170 0.45743720 0.00000000
0.39526740 1.11530600 -0.00254232 1.00000000

0.62853090 0.21387340 0.74780190 0.00000000
0.29114390 0.82685610 -0.48119100 0.00000000
-0.72123800 0.52016180 0.45743660 0.00000000
0.37346230 1.06338600 0.02211767 1.00000000

0.07626402 0.72327140 -0.68634020 0.00000000
-0.52287670 -0.55709420 -0.64517140 0.00000000
-0.84898970 0.40807520 0.33569560 0.00000000
0.33747140 1.14308600 0.02031040 1.00000000

0.52093480 0.75284920 0.40229990 0.00000000
-0.08855930 0.51642390 -0.85174190 0.00000000
-0.84899010 0.40807520 0.33569510 0.00000000
0.33246270 1.09558500 0.06538627 1.00000000

-0.08286835 0.88490960 0.45833250 0.00000000
-0.94297300 0.07915606 -0.32332100 0.00000000
-0.32238920 -0.45898800 0.82788570 0.00000000
-0.27259550 1.20518200 0.04783309 1.00000000

-0.08286843 0.88490940 0.45833240 0.00000000
-0.42385490 0.38494610 -0.81985580 0.00000000
-0.90193140 -0.26220650 0.34317310 0.00000000
-0.24764990 0.93880020 -0.09013753 1.00000000

-0.31062650 0.16780500 0.93560280 0.00000000
-0.83050420 -0.52669280 -0.18126810 0.00000000
0.46235770 -0.83332880 0.30296730 0.00000000
-0.20942720 0.94507620 -0.11696760 1.00000000

-0.16087800 0.25717190 0.95288030 0.00000000
-0.87197720 -0.48931220 -0.01515886 0.00000000
0.46235760 -0.83332870 0.30296730 0.00000000
-0.18886270 0.93396710 -0.17890750 1.00000000

0.07082219 0.38299690 0.92103090 0.00000000
-0.22813970 0.90509430 -0.35882680 0.00000000
-0.97104920 -0.18471070 0.15147730 0.00000000
-0.25071200 0.84003860 -0.12873010 1.00000000

0.17555500 -0.12177270 0.97690930 0.00000000
-0.16199970 0.97521970 0.15067450 0.00000000
-0.97104920 -0.18471060 0.15147740 0.00000000
-0.25506600 0.81649350 -0.18535180 1.00000000

-0.02122788 0.71985300 0.69380250 0.00000000
-0.43383540 0.61858620 -0.65508620 0.00000000
-0.90074240 -0.31490190 0.29916610 0.00000000
-0.18939310 0.86147580 -0.14909630 1.00000000

0.21224980 0.28182210 0.93569550 0.00000000
-0.37896400 0.90631870 -0.18701100 0.00000000
-0.90074240 -0.31490190 0.29916610 0.00000000
-0.18799900 0.81419900 -0.19466220 1.00000000

-0.00564610 0.42042980 -0.90730730 0.00000000
-0.19720250 0.88903650 0.41319030 0.00000000
0.98034660 0.18125610 0.07789001 0.00000000
0.14517020 1.45356700 0.27478080 1.00000000

-0.00516160 0.42051980 -0.90726860 0.00000000
-0.19672980 0.88912350 0.41322840 0.00000000
0.98044440 0.18061940 0.07813938 0.00000000
0.15875660 1.45607000 0.27586360 1.00000000

-0.00516479 0.42051860 -0.90726940 0.00000000
-0.19672650 0.88912470 0.41322780 0.00000000
0.98044510 0.18061780 0.07813494 0.00000000
0.13874000 1.51067400 0.31215110 1.00000000

-0.00482611 0.42058100 -0.90724210 0.00000000
-0.19638820 0.88918660 0.41325520 0.00000000
0.98051450 0.18016580 0.07830565 0.00000000
0.13746350 1.52415000 0.29701860 1.00000000

0.02835135 0.26327230 -0.96430460 0.00000000
0.19474080 -0.94766370 -0.25300340 0.00000000
-0.98044500 -0.18061630 -0.07813725 0.00000000
0.10787580 1.51312700 0.28255750 1.00000000

-0.09728752 0.78998670 -0.60535650 0.00000000
-0.17106560 0.58591740 0.79210970 0.00000000
0.98044470 0.18061780 0.07813700 0.00000000
0.10787580 1.51312700 0.28255750 1.00000000

-0.00493358 0.42056080 -0.90725090 0.00000000
-0.19630960 0.88920100 0.41326060 0.00000000
0.98052960 0.18014070 0.07817288 0.00000000
0.15417550 1.44723800 0.26473400 1.00000000

0.02834776 0.26327100 -0.96430520 0.00000000
0.19473990 -0.94766390 -0.25300290 0.00000000
-0.98044530 -0.18061640 -0.07813331 0.00000000
0.17088320 1.52473400 0.28757900 1.00000000

-0.09728883 0.78998540 -0.60535810 0.00000000
-0.17106290 0.58591930 0.79210890 0.00000000
0.98044500 0.18061740 0.07813363 0.00000000
0.17088320 1.52473400 0.28757900 1.00000000

-0.32625710 0.16360040 0.93101650 0.00000000
0.64683840 0.75685210 0.09367660 0.00000000
-0.68931610 0.63278010 -0.35275120 0.00000000
-0.35262480 1.33728300 -0.63816190 1.00000000

1.00000000 0.00000000 0.00000000 0.00000000
0.00000000 1.00000000 0.00000000 0.00000000
0.00000000 0.00000000 1.00000000 0.00000000
0.00000000 0.00000000 0.00000000 1.00000000

0.19713870 -0.93122540 -0.30652230 0.00000000
-0.34719490 -0.35871040 0.86647730 0.00000000
-0.91683830 -0.06439324 -0.39403250 0.00000000
0.06986862 1.00734200 -0.28267310 1.00000000

0.21493640 -0.87180670 -0.44017700 0.00000000
0.18043930 -0.40750270 0.89520020 0.00000000
-0.95981480 -0.27183640 0.06972079 0.00000000
0.04227735 1.11289000 -0.24502080 1.00000000

-0.00554925 -0.65938310 -0.75178690 0.00000000
0.40610450 -0.68849740 0.60087510 0.00000000
-0.91381020 -0.30196970 0.27159880 0.00000000
0.00739238 1.25426400 -0.17376330 1.00000000

0.19731820 0.89313390 -0.40419980 0.00000000
-0.17938620 0.43823880 0.88077680 0.00000000
0.96378750 -0.10128530 0.24668850 0.00000000
-0.02212909 1.00088000 -0.32221110 1.00000000

0.02880147 0.98992830 0.13861120 0.00000000
0.08526316 -0.14059620 0.98638900 0.00000000
0.99594230 -0.01659098 -0.08845361 0.00000000
0.16186630 1.01380400 -0.24313500 1.00000000

0.13218680 -0.90193690 -0.41114080 0.00000000
0.00004467 -0.41477500 0.90992420 0.00000000
-0.99122530 -0.12029850 -0.05478768 0.00000000
0.16721990 1.47264300 0.21251300 1.00000000

0.79411490 0.02365130 -0.60730760 0.00000000
-0.24179660 0.92905310 -0.27999150 0.00000000
0.55759880 0.36919030 0.74349350 0.00000000
-0.00141050 1.41896800 0.11178090 1.00000000

0.52436140 0.43468150 0.73218680 0.00000000
-0.73150700 0.67007920 0.12606470 0.00000000
-0.43582540 -0.60170310 0.66933600 0.00000000
-0.13407860 1.41501600 0.21324040 1.00000000

0.88329660 0.46415830 -0.06592250 0.00000000
-0.46880640 0.87540610 -0.11783620 0.00000000
0.00301427 0.13498890 0.99084280 0.00000000
-0.13407850 1.41501700 0.21324020 1.00000000

0.85066850 0.48233170 -0.20909390 0.00000000
-0.50176040 0.86360730 -0.04919612 0.00000000
0.15684620 0.14676460 0.97665760 0.00000000
0.09655391 1.52066400 0.17832590 1.00000000

-0.95162620 -0.04803558 0.30348130 0.00000000
-0.15633750 0.92598930 -0.34366040 0.00000000
-0.26451270 -0.37448180 -0.88870510 0.00000000
0.14368910 1.46621900 -0.02254406 1.00000000

-0.23800820 0.77729300 0.58238120 0.00000000
0.02186653 0.60374860 -0.79687510 0.00000000
-0.97101750 -0.17692830 -0.16069380 0.00000000
0.30267180 1.47424400 -0.07324487 1.00000000

-0.71226560 0.35429770 0.60593050 0.00000000
-0.02138905 0.85190210 -0.52326410 0.00000000
-0.70158480 -0.38566350 -0.59920230 0.00000000
0.30267180 1.47424400 -0.07324466 1.00000000

-0.37325340 0.08376589 0.92394020 0.00000000
0.32347910 -0.92166340 0.21423850 0.00000000
0.86950780 0.37884070 0.31691750 0.00000000
0.17086700 1.54486400 0.10953080 1.00000000

0.65051760 -0.07528715 0.75575100 0.00000000
0.07304148 0.99666430 0.03641632 0.00000000
-0.75597140 0.03151172 0.65384610 0.00000000
-0.46585850 0.90869710 -0.28269900 1.00000000

0.24309430 -0.12219560 0.96227560 0.00000000
0.15481890 0.98420460 0.08586949 0.00000000
-0.95756840 0.12810390 0.25817230 0.00000000
-0.61205400 0.92561670 -0.45254440 1.00000000

-0.22196580 0.58463090 0.78034530 0.00000000
-0.13450970 -0.81101690 0.56934940 0.00000000
0.96573250 0.02141225 0.25865670 0.00000000
0.29562210 1.04092400 -0.56890370 1.00000000

-0.58267940 0.32352610 0.74553070 0.00000000
-0.10391240 -0.93947640 0.32647540 0.00000000
0.80603220 0.11276080 0.58103210 0.00000000
0.34550600 0.90953550 -0.74427620 1.00000000

-0.56400260 -0.36864390 -0.73892050 0.00000000
0.41531940 -0.90004450 0.13202310 0.00000000
-0.71373070 -0.23242670 0.66073220 0.00000000
0.00823812 1.36123900 -0.05194592 1.00000000

-0.02283954 0.08755013 0.99589870 0.00000000
0.99403820 -0.10424720 0.03196150 0.00000000
0.10661790 0.99069080 -0.08464721 0.00000000
0.07364441 1.46253400 -0.21804520 1.00000000

0.45644950 0.14738710 0.87745750 0.00000000
0.60640200 0.67013730 -0.42801090 0.00000000
-0.65110020 0.72745690 0.21650790 0.00000000
-0.17392190 1.38072600 -0.14446460 1.00000000

0.28414450 0.02066118 0.95855940 0.00000000
0.68315120 0.69712640 -0.21753150 0.00000000
-0.67273120 0.71665080 0.18396990 0.00000000
-0.28653040 1.34436500 -0.36093770 1.00000000

0.67040340 0.62091270 0.40623610 0.00000000
-0.72035800 0.67589810 0.15571400 0.00000000
-0.17788910 -0.39702640 0.90040310 0.00000000
-0.06679441 1.18853400 0.03322914 1.00000000

-0.18257410 0.16016260 0.97005940 0.00000000
0.97764190 -0.07511962 0.19640410 0.00000000
0.10432710 0.98422820 -0.14286650 0.00000000
0.07927905 1.44093500 -0.46373830 1.00000000

-0.55399430 0.43076540 0.71241270 0.00000000
0.81002210 0.08130459 0.58073680 0.00000000
0.19223890 0.89879410 -0.39397140 0.00000000
0.12885570 1.39744400 -0.72715090 1.00000000

-0.49210500 0.29080360 0.82052810 0.00000000
0.85591500 -0.01039784 0.51701310 0.00000000
0.15888100 0.95672630 -0.24378610 0.00000000
0.22661560 1.32142900 -0.85286640 1.00000000

-0.17653770 0.27444120 0.94526020 0.00000000
0.74458520 0.66533150 -0.05410859 0.00000000
-0.64376120 0.69427440 -0.32180090 0.00000000
-0.32748390 1.32492500 -0.79338340 1.00000000

-0.06754099 0.81933980 -0.56931570 0.00000000
-0.11313970 0.56064850 0.82028850 0.00000000
0.99128140 0.11981550 0.05483329 0.00000000
0.16569860 1.47451200 0.23593290 1.00000000

-0.34086990 0.39062400 0.85511480 0.00000000
-0.15081610 -0.92053030 0.36038720 0.00000000
0.92793500 -0.00611979 0.37269350 0.00000000
0.19612730 1.27541600 -0.04491481 1.00000000

-0.03026569 0.40296030 0.91471740 0.00000000
-0.08136686 -0.91309240 0.39955210 0.00000000
0.99622490 -0.06233490 0.06042320 0.00000000
0.28572120 1.17274400 -0.26967220 1.00000000

-0.00004934 0.41477560 -0.90992390 0.00000000
0.13218660 -0.90193670 -0.41114190 0.00000000
-0.99122540 -0.12030010 -0.05478346 0.00000000
0.14111170 1.42386200 0.27944540 1.00000000

-0.00004163 0.41477640 -0.90992340 0.00000000
-0.13219000 0.90193600 0.41114160 0.00000000
0.99122490 0.12030010 0.05479185 0.00000000
0.19678380 1.43061800 0.28252250 1.00000000

0.68124660 0.35654530 0.63935890 0.00000000
-0.25722470 0.93427090 -0.24692930 0.00000000
-0.68537560 0.00376090 0.72818050 0.00000000
-0.24300260 1.02533400 -0.07354541 1.00000000

0.55580250 0.63894700 0.53181920 0.00000000
-0.69730600 0.70662200 -0.12020970 0.00000000
-0.45260260 -0.30402780 0.83828320 0.00000000
-0.13407860 1.41501600 0.21324040 1.00000000

-0.26787840 0.68240980 0.68011670 0.00000000
0.00056234 0.70602640 -0.70818540 0.00000000
-0.96345290 -0.18932530 -0.18951280 0.00000000
0.30267180 1.47424400 -0.07324487 1.00000000

0.06887981 0.77309010 0.63054610 0.00000000
0.05792107 -0.63408010 0.77109580 0.00000000
0.99594250 -0.01659089 -0.08845331 0.00000000
0.14781750 0.53093890 -0.31074640 1.00000000

-0.01518341 0.98222130 0.18711460 0.00000000
0.11955180 -0.18401040 0.97562740 0.00000000
0.99271210 0.03718328 -0.11463220 0.00000000
0.11421950 0.15384260 -0.61831270 1.00000000

-0.40998270 0.29976350 -0.86142770 0.00000000
-0.00495368 0.94370510 0.33075260 0.00000000
0.91208020 0.13987010 -0.38541750 0.00000000
0.13894930 -0.01416790 -0.45865000 1.00000000

-0.26517780 -0.46178920 0.84642300 0.00000000
0.02818778 -0.88118790 -0.47192540 0.00000000
0.96378760 -0.10128520 0.24668850 0.00000000
-0.11837650 0.56522960 -0.12505150 1.00000000

-0.24697080 -0.74126610 0.62412380 0.00000000
0.20822410 -0.66962570 -0.71291260 0.00000000
0.94638720 -0.04611093 0.31972760 0.00000000
0.01097133 0.79048010 -0.53791770 1.00000000

-0.20822350 0.66962560 0.71291270 0.00000000
-0.24697080 -0.74126600 0.62412380 0.00000000
0.94638720 -0.04611126 0.31972720 0.00000000
0.08393003 0.76394920 -0.75770070 1.00000000

-0.43677160 0.02441609 -0.89924150 0.00000000
0.12800260 -0.98777330 -0.08899224 0.00000000
-0.89041940 -0.15397450 0.42830570 0.00000000
0.11358010 1.47564200 0.10207730 1.00000000

0.04407715 0.46696300 -0.88317820 0.00000000
0.11577170 -0.88046850 -0.45975240 0.00000000
-0.99229800 -0.08198260 -0.09286979 0.00000000
0.13058090 1.48710900 0.30791810 1.00000000

-0.05797395 0.45457980 -0.88881740 0.00000000
-0.14818850 0.87653320 0.45796300 0.00000000
0.98725940 0.15826270 0.01654749 0.00000000
0.18876380 1.49417100 0.31113420 1.00000000

0.07972823 0.39404770 -0.91562530 0.00000000
0.22532080 -0.90189960 -0.36852100 0.00000000
-0.97101750 -0.17692810 -0.16069400 0.00000000
0.37036960 1.25315500 -0.23889460 1.00000000

0.05885208 0.39784860 -0.91556170 0.00000000
-0.62530200 -0.70023890 -0.34447620 0.00000000
-0.77816130 0.59277490 0.20756470 0.00000000
0.34636910 1.13453500 0.03673360 1.00000000

0.82603620 0.30930420 -0.47116460 0.00000000
0.42741390 -0.88869810 0.16593160 0.00000000
-0.36740010 -0.33844780 -0.86629720 0.00000000
0.30537930 1.15171100 0.05238712 1.00000000

0.52034190 0.69722580 -0.49307330 0.00000000
0.77088450 -0.63192530 -0.08005235 0.00000000
-0.36740020 -0.33844770 -0.86629720 0.00000000
0.25069300 1.13123400 0.08357975 1.00000000

0.49425130 0.63336150 -0.59545690 0.00000000
-0.60564900 -0.24049900 -0.75851850 0.00000000
-0.62362310 0.73553620 0.26472770 0.00000000
0.35537060 1.08724900 0.13126200 1.00000000

0.71081770 0.39262170 0.58359860 0.00000000
0.32532010 0.55211860 -0.76767960 0.00000000
-0.62362320 0.73553610 0.26472780 0.00000000
0.32498580 1.04831200 0.16786840 1.00000000

0.22172750 0.47384520 -0.85223700 0.00000000
-0.60739670 -0.61660920 -0.50086250 0.00000000
-0.76282850 0.62870010 0.15109260 0.00000000
0.30344010 1.13004900 0.14154780 1.00000000

0.64251120 0.76326070 0.06792477 0.00000000
-0.07261916 0.14889350 -0.98618330 0.00000000
-0.76282840 0.62870030 0.15109290 0.00000000
0.28887800 1.09892800 0.19751900 1.00000000

0.05759697 0.72351050 0.68790660 0.00000000
-0.89818700 0.33835870 -0.28066760 0.00000000
-0.43582550 -0.60170300 0.66933590 0.00000000
-0.28322550 1.29137800 0.00498042 1.00000000

0.06259501 0.71014610 0.70126650 0.00000000
-0.27801890 0.68723910 -0.67112510 0.00000000
-0.95853450 -0.15295620 0.24045180 0.00000000
-0.30056370 1.07358200 -0.20209810 1.00000000

-0.33769010 -0.04925743 0.93996810 0.00000000
-0.90362850 -0.26257520 -0.33839410 0.00000000
0.26348070 -0.96365400 0.04415888 0.00000000
-0.26001960 1.07912000 -0.22545850 1.00000000

-0.14982940 0.00434032 0.98870270 0.00000000
-0.95295900 -0.26712020 -0.14323950 0.00000000
0.26348060 -0.96365390 0.04415882 0.00000000
-0.23766340 1.08238100 -0.28768740 1.00000000

0.08070941 -0.10313170 0.99138820 0.00000000
-0.00195781 0.99461470 0.10362640 0.00000000
-0.99673620 -0.01030461 0.08007309 0.00000000
-0.32048820 0.99328890 -0.26849630 1.00000000

0.07156266 -0.57188730 0.81720540 0.00000000
0.03737171 0.82026830 0.57075760 0.00000000
-0.99673620 -0.01030461 0.08007309 0.00000000
-0.32544980 0.99962900 -0.32944310 1.00000000

0.10345900 0.36514930 0.92518260 0.00000000
-0.24212620 0.91143850 -0.33264920 0.00000000
-0.96471330 -0.18959540 0.18270900 0.00000000
-0.25481420 1.00619600 -0.28093460 1.00000000

0.22644300 -0.24331610 0.94314450 0.00000000
-0.13435970 0.95123700 0.27766240 0.00000000
-0.96471350 -0.18959540 0.18270920 0.00000000
-0.26160900 0.98221450 -0.34169650 1.00000000

-0.00053132 0.41471670 -0.90995070 0.00000000
-0.13266840 0.90187790 0.41111510 0.00000000
0.99116090 0.12094030 0.05454075 0.00000000
0.16127280 1.42642800 0.29509080 1.00000000

-0.00004120 0.41477700 -0.90992320 0.00000000
-0.13219040 0.90193580 0.41114200 0.00000000
0.99122480 0.12030020 0.05479252 0.00000000
0.17500860 1.42809500 0.29584990 1.00000000

-0.00004452 0.41477590 -0.90992410 0.00000000
-0.13218710 0.90193670 0.41114130 0.00000000
0.99122540 0.12029860 0.05478796 0.00000000
0.15922210 1.48403900 0.33218450 1.00000000

0.00029838 0.41481750 -0.90990470 0.00000000
-0.13184510 0.90197800 0.41116060 0.00000000
0.99127070 0.11984390 0.05496095 0.00000000
0.15843080 1.49748000 0.31698800 1.00000000

0.02242713 0.25543530 -0.96656630 0.00000000
0.13027030 -0.95931320 -0.25049600 0.00000000
-0.99122520 -0.12029700 -0.05479042 0.00000000
0.12789850 1.48821700 0.30327500 1.00000000

-0.06234902 0.79096150 -0.60868130 0.00000000
-0.11656010 0.59992380 0.79152100 0.00000000
0.99122510 0.12029860 0.05479005 0.00000000
0.12789850 1.48821700 0.30327500 1.00000000

0.00018953 0.41480370 -0.90991100 0.00000000
-0.13176580 0.90198760 0.41116450 0.00000000
0.99128140 0.11981740 0.05482808 0.00000000
0.16963980 1.41949800 0.28489000 1.00000000

0.02242354 0.25543420 -0.96656650 0.00000000
0.13026930 -0.95931330 -0.25049530 0.00000000
-0.99122570 -0.12029720 -0.05478658 0.00000000
0.19159870 1.49594800 0.30679620 1.00000000

-0.06235030 0.79096010 -0.60868290 0.00000000
-0.11655740 0.59992560 0.79152010 0.00000000
0.99122550 0.12029810 0.05478677 0.00000000
0.19159870 1.49594800 0.30679620 1.00000000

-0.20516090 0.07836822 0.97558610 0.00000000
0.68160250 0.72677470 0.08495644 0.00000000
-0.70237320 0.68239120 -0.20252180 0.00000000
-0.36368740 1.33875400 -0.62122780 1.00000000

1.00000000 0.00000000 0.00000000 0.00000000
0.00000000 1.00000000 0.00000000 0.00000000
0.00000000 0.00000000 1.00000000 0.00000000
0.00000000 0.00000000 0.00000000 1.00000000

0.04087546 -0.91201870 -0.40810690 0.00000000
0.04872312 -0.40614300 0.91250980 0.00000000
-0.99797560 -0.05718350 0.02783510 0.00000000
0.06059760 0.98449970 -0.24661900 1.00000000

0.12896440 -0.89686020 -0.42309600 0.00000000
0.28145050 -0.37600950 0.88283770 0.00000000
-0.95087000 -0.23293520 0.20392990 0.00000000
0.04984654 1.09322000 -0.20943090 1.00000000

-0.01786882 -0.70496060 -0.70902120 0.00000000
0.33913980 -0.67136790 0.65897600 0.00000000
-0.94056640 -0.22868220 0.25107680 0.00000000
0.02890285 1.23865100 -0.14094910 1.00000000

0.18448910 0.67403480 -0.71529070 0.00000000
-0.27747250 0.73389770 0.62000240 0.00000000
0.94285360 0.08408987 0.32242230 0.00000000
-0.03954155 0.97876160 -0.24382580 1.00000000

0.02009596 0.91238160 0.40884740 0.00000000
0.08351886 -0.40903260 0.90868980 0.00000000
0.99630360 0.01588549 -0.08442095 0.00000000
0.16073680 0.99023790 -0.24941200 1.00000000

0.03459951 -0.91496300 -0.40205160 0.00000000
-0.00436394 -0.40242670 0.91544160 0.00000000
-0.99939190 -0.02991933 -0.01791653 0.00000000
0.16724470 1.46523200 0.25109270 1.00000000

0.83650150 -0.19728930 -0.51121650 0.00000000
-0.02963003 0.91528640 -0.40171220 0.00000000
0.54716320 0.35118040 0.75979280 0.00000000
0.00242215 1.42275000 0.13047540 1.00000000

0.56433880 0.16139850 0.80961270 0.00000000
-0.57697000 0.77853060 0.24697370 0.00000000
-0.59044720 -0.60649880 0.53247700 0.00000000
-0.13732730 1.45570900 0.21588140 1.00000000

0.95886770 0.28358670 -0.01233563 0.00000000
-0.27680090 0.92452770 -0.26197350 0.00000000
-0.06288763 0.25461230 0.96499630 0.00000000
-0.13732700 1.45571000 0.21588130 1.00000000

0.91803410 0.38546520 -0.09290051 0.00000000
-0.39620930 0.90082450 -0.17757750 0.00000000
0.01523729 0.19983020 0.97971220 0.00000000
0.09861094 1.51934400 0.20653250 1.00000000

-0.99842500 0.04508781 0.03338781 0.00000000
0.02641379 0.90278710 -0.42927590 0.00000000
-0.04949713 -0.42771770 -0.90255640 0.00000000
0.17095700 1.44678500 0.01935354 1.00000000

-0.24161920 0.87838350 0.41238690 0.00000000
0.26118240 0.46816370 -0.84416050 0.00000000
-0.93456100 -0.09625712 -0.34253560 0.00000000
0.33775810 1.43925200 0.01377568 1.00000000

-0.81334690 0.45329340 0.36468110 0.00000000
0.19725330 0.80457200 -0.56013880 0.00000000
-0.54731890 -0.38365250 -0.74380980 0.00000000
0.33775810 1.43925200 0.01377591 1.00000000

-0.50356460 0.18272400 0.84441380 0.00000000
0.18913370 -0.93035630 0.31411080 0.00000000
0.84300130 0.31788230 0.43393520 0.00000000
0.18492650 1.53165300 0.14962120 1.00000000

0.69166880 -0.01087618 0.72213300 0.00000000
-0.03452237 0.99824570 0.04810137 0.00000000
-0.72138960 -0.05820005 0.69008000 0.00000000
-0.44534210 0.92324230 -0.27959780 1.00000000

0.33382880 -0.17397310 0.92644040 0.00000000
0.16575570 0.97834090 0.12399200 0.00000000
-0.92794590 0.11217030 0.35543550 0.00000000
-0.60078590 0.92568640 -0.44188790 1.00000000

-0.14564950 0.58988180 0.79424570 0.00000000
-0.07119949 -0.80697440 0.58627880 0.00000000
0.98677110 0.02884139 0.15953470 0.00000000
0.31377760 1.04938900 -0.54203720 1.00000000

-0.50158560 0.46755060 0.72788000 0.00000000
-0.15121560 -0.87580480 0.45836620 0.00000000
0.85179010 0.11984320 0.50999200 0.00000000
0.34651040 0.91682100 -0.72053350 1.00000000

-0.47540550 -0.36573680 -0.80014150 0.00000000
0.29451250 -0.92317810 0.24699040 0.00000000
-0.82900670 -0.11823110 0.54659810 0.00000000
0.03176061 1.35301600 -0.02607718 1.00000000

0.00647444 0.12131860 0.99259240 0.00000000
0.98139950 -0.19122490 0.01697087 0.00000000
0.19186740 0.97402000 -0.12030010 0.00000000
0.10964790 1.43930100 -0.19523000 1.00000000

0.40261450 0.18886530 0.89567410 0.00000000
0.66400180 0.61326700 -0.42779140 0.00000000
-0.63008200 0.76696390 0.12150320 0.00000000
-0.14516710 1.37734800 -0.12720920 1.00000000

0.34958000 -0.01066428 0.93684610 0.00000000
0.72446440 0.63713550 -0.26307810 0.00000000
-0.59409190 0.77067820 0.23045570 0.00000000
-0.24449440 1.33075400 -0.34817650 1.00000000

0.66373120 0.56396450 0.49133030 0.00000000
-0.69012170 0.71504900 0.11151960 0.00000000
-0.28843210 -0.41309670 0.86380440 0.00000000
-0.05709691 1.19095300 0.06641254 1.00000000

-0.13466090 0.08337665 0.98737780 0.00000000
0.97520320 -0.16546190 0.14697250 0.00000000
0.17562740 0.98268560 -0.05902791 0.00000000
0.10805060 1.40937200 -0.44010750 1.00000000

-0.50502580 0.36219500 0.78343080 0.00000000
0.83442380 -0.02715902 0.55045370 0.00000000
0.22064890 0.93170650 -0.28850800 0.00000000
0.14461680 1.38673100 -0.70822290 1.00000000

-0.54803860 0.36266150 0.75374420 0.00000000
0.80661390 -0.00940336 0.59100400 0.00000000
0.22142230 0.93187360 -0.28737440 0.00000000
0.23373550 1.32281700 -0.84647050 1.00000000

-0.22885960 0.22121620 0.94799130 0.00000000
0.75703160 0.65266810 0.03045742 0.00000000
-0.61198550 0.72462950 -0.31683730 0.00000000
-0.32401150 1.33256800 -0.77835700 1.00000000

-0.01360968 0.81540160 -0.57873550 0.00000000
-0.03168530 0.57814680 0.81531750 0.00000000
0.99940530 0.02943366 0.01796775 0.00000000
0.16675650 1.46750400 0.27452110 1.00000000

-0.33069080 0.34271040 0.87931410 0.00000000
-0.23372780 -0.93244850 0.27551930 0.00000000
0.91433870 -0.11440830 0.38845280 0.00000000
0.21352310 1.25674800 -0.00582673 1.00000000

-0.04076694 0.35851440 0.93263390 0.00000000
0.00464137 -0.93333140 0.35898540 0.00000000
0.99915800 0.01896354 0.03638501 0.00000000
0.30044140 1.16667000 -0.23694470 1.00000000

0.00435950 0.40242770 -0.91544130 0.00000000
0.03459924 -0.91496260 -0.40205280 0.00000000
-0.99939190 -0.02992088 -0.01791234 0.00000000
0.13927800 1.41982000 0.31962640 1.00000000

0.00436707 0.40242800 -0.91544120 0.00000000
-0.03460264 0.91496230 0.40205260 0.00000000
0.99939190 0.02992097 0.01792078 0.00000000
0.19540870 1.42150000 0.32063270 1.00000000

0.65353590 0.36523140 0.66294600 0.00000000
-0.34974630 0.92247890 -0.16343200 0.00000000
-0.67124430 -0.12505440 0.73061130 0.00000000
-0.23155130 1.04272100 -0.06272812 1.00000000

0.61747830 0.58822690 0.52221630 0.00000000
-0.53250780 0.80123540 -0.27286820 0.00000000
-0.57892690 -0.10959400 0.80798090 0.00000000
-0.13732730 1.45570900 0.21588140 1.00000000

-0.37718530 0.75411610 0.53762480 0.00000000
0.25461470 0.64256880 -0.72268750 0.00000000
-0.89045100 -0.13570010 -0.43437630 0.00000000
0.33775810 1.43925200 0.01377568 1.00000000

0.04917251 0.70035420 0.71209970 0.00000000
0.07043662 -0.71361880 0.69698440 0.00000000
0.99630360 0.01588544 -0.08442099 0.00000000
0.15093430 0.54519870 -0.44883860 1.00000000

0.07903851 0.57559940 0.81390330 0.00000000
0.14887080 -0.81411740 0.56129400 0.00000000
0.98569300 0.07680257 -0.15003650 0.00000000
0.12694910 0.20358150 -0.79618490 1.00000000

-0.43649010 0.50623210 -0.74377850 0.00000000
-0.00984614 0.82395010 0.56657680 0.00000000
0.89965530 0.25462860 -0.35466160 0.00000000
0.14446990 -0.02881795 -0.80004250 1.00000000

-0.32500520 0.01870972 0.94552720 0.00000000
0.07347682 -0.99628240 0.04497010 0.00000000
0.94285360 0.08408989 0.32242230 0.00000000
-0.12953120 0.64998250 0.10507690 1.00000000

-0.21947140 -0.44278480 0.86935270 0.00000000
0.07727218 -0.89616780 -0.43693490 0.00000000
0.97255410 -0.02871788 0.23089820 0.00000000
0.02899910 0.64085640 -0.35613020 1.00000000

-0.07727112 0.89616780 0.43693510 0.00000000
-0.21947130 -0.44278470 0.86935260 0.00000000
0.97255420 -0.02871885 0.23089770 0.00000000
0.07339685 0.53091200 -0.55680990 1.00000000

-0.36258180 0.02002725 -0.93173680 0.00000000
0.04846192 -0.99801120 -0.04031068 0.00000000
-0.93069140 -0.05976979 0.36089030 0.00000000
0.12271610 1.46769100 0.13666630 1.00000000

0.05399141 0.45067580 -0.89105370 0.00000000
0.01843599 -0.89265290 -0.45036760 0.00000000
-0.99837140 0.00788840 -0.05650414 0.00000000
0.13558340 1.48409200 0.34750660 1.00000000

-0.04890003 0.44759760 -0.89289720 0.00000000
-0.05111996 0.89167320 0.44978400 0.00000000
0.99749510 0.06763935 -0.02072175 0.00000000
0.19424570 1.48584800 0.34855840 1.00000000

0.31490270 0.22437630 -0.92222150 0.00000000
0.16562710 -0.96973710 -0.17938170 0.00000000
-0.93456100 -0.09625709 -0.34253560 0.00000000
0.40648310 1.18940900 -0.10352170 1.00000000

0.30499920 0.22712030 -0.92487450 0.00000000
-0.59701030 -0.71103890 -0.37148740 0.00000000
-0.74199350 0.66546260 -0.08127299 0.00000000
0.31168880 1.12186600 0.17409210 1.00000000

0.93817230 0.17200670 -0.30041130 0.00000000
0.28777180 -0.86987290 0.40063650 0.00000000
-0.19240710 -0.46231600 -0.86558930 0.00000000
0.27013110 1.14393900 0.17652390 1.00000000

0.71834380 0.53458270 -0.44520060 0.00000000
0.66855170 -0.70745010 0.22924410 0.00000000
-0.19240700 -0.46231600 -0.86558930 0.00000000
0.20802100 1.13255200 0.19641210 1.00000000

0.64450980 0.46367030 -0.60796200 0.00000000
-0.48498570 -0.36679600 -0.79388310 0.00000000
-0.59109750 0.80651770 -0.01152994 0.00000000
0.29418550 1.09141100 0.27418610 1.00000000

0.72062940 0.53446350 0.44163640 0.00000000
0.36234990 0.25274140 -0.89712060 0.00000000
-0.59109750 0.80651770 -0.01152973 0.00000000
0.25456340 1.06290700 0.31156130 1.00000000

0.41722380 0.25629590 -0.87191630 0.00000000
-0.56640410 -0.67695480 -0.47002020 0.00000000
-0.71071170 0.68996010 -0.13727440 0.00000000
0.24580290 1.13838100 0.26484090 1.00000000

0.70348340 0.69691350 -0.13936670 0.00000000
-0.00048894 -0.19561990 -0.98068020 0.00000000
-0.71071150 0.68996000 -0.13727430 0.00000000
0.21840160 1.12154900 0.32210470 1.00000000

0.10754960 0.59474850 0.79668550 0.00000000
-0.79987870 0.52766800 -0.28593860 0.00000000
-0.59044720 -0.60649870 0.53247700 0.00000000
-0.29784520 1.40980200 -0.01440105 1.00000000

0.10754960 0.59474860 0.79668540 0.00000000
-0.13169500 0.80279400 -0.58153060 0.00000000
-0.98543890 -0.04237623 0.16466590 0.00000000
-0.33022040 1.23076700 -0.25422500 1.00000000

-0.40909450 -0.12318770 0.90413900 0.00000000
-0.90383010 -0.08150113 -0.42005860 0.00000000
0.12543420 -0.98903100 -0.07799935 0.00000000
-0.28770070 1.23338500 -0.27436020 1.00000000

-0.18435260 -0.10048670 0.97771020 0.00000000
-0.97482380 -0.10825910 -0.19493450 0.00000000
0.12543420 -0.98903100 -0.07799935 0.00000000
-0.26061730 1.24154100 -0.33421710 1.00000000

-0.02770065 -0.39955710 0.91628990 0.00000000
0.12346680 0.90825530 0.39978650 0.00000000
-0.99196270 0.12420540 0.02417302 0.00000000
-0.35601540 1.16368800 -0.33224920 1.00000000

-0.08171676 -0.77466640 0.62706800 0.00000000
0.09661120 0.62005260 0.77858970 0.00000000
-0.99196260 0.12420540 0.02417294 0.00000000
-0.35431250 1.18825200 -0.38857920 1.00000000

0.09411635 0.10928350 0.98954530 0.00000000
-0.08021583 0.99155770 -0.10187610 0.00000000
-0.99232460 -0.06978904 0.10208820 0.00000000
-0.28846170 1.16844000 -0.33919900 1.00000000

0.12364140 -0.54467820 0.82948110 0.00000000
-0.00228355 0.83573660 0.54912670 0.00000000
-0.99232470 -0.06978908 0.10208810 0.00000000
-0.29464300 1.16126200 -0.40418800 1.00000000

0.00387352 0.40241280 -0.91545020 0.00000000
-0.03508503 0.91494820 0.40204400 0.00000000
0.99937710 0.03056142 0.01766253 0.00000000
0.16014720 1.42071700 0.33450930 1.00000000

0.00436768 0.40242830 -0.91544100 0.00000000
-0.03460315 0.91496230 0.40205290 0.00000000
0.99939190 0.02992115 0.01792138 0.00000000
0.17399630 1.42113200 0.33475750 1.00000000

0.00436424 0.40242760 -0.91544160 0.00000000
-0.03459975 0.91496300 0.40205210 0.00000000
0.99939200 0.02991943 0.01791688 0.00000000
0.16469520 1.47870200 0.37078870 1.00000000

0.00471018 0.40243800 -0.91543530 0.00000000
-0.03425498 0.91497290 0.40205870 0.00000000
0.99940220 0.02946446 0.01809518 0.00000000
0.16457300 1.49198100 0.35543080 1.00000000

0.01018459 0.24105240 -0.97045890 0.00000000
0.03335363 -0.97005080 -0.24060110 0.00000000
-0.99939190 -0.02991799 -0.01791935 0.00000000
0.13284480 1.48538600 0.34294520 1.00000000

-0.01245955 0.78621140 -0.61783210 0.00000000
-0.03257335 0.61723300 0.78610610 0.00000000
0.99939190 0.02991957 0.01791895 0.00000000
0.13284480 1.48538600 0.34294520 1.00000000

0.00460052 0.40243400 -0.91543750 0.00000000
-0.03417513 0.91497550 0.40205960 0.00000000
0.99940550 0.02943557 0.01796250 0.00000000
0.16747170 1.41293400 0.32412380 1.00000000

0.01018085 0.24105170 -0.97045900 0.00000000
0.03335268 -0.97005110 -0.24060060 0.00000000
-0.99939200 -0.02991799 -0.01791548 0.00000000
0.19706980 1.48730900 0.34409680 1.00000000

-0.01246108 0.78621030 -0.61783360 0.00000000
-0.03257050 0.61723450 0.78610490 0.00000000
0.99939180 0.02991901 0.01791563 0.00000000
0.19706980 1.48730900 0.34409680 1.00000000

-0.08731756 0.00612772 0.99616210 0.00000000
0.74817660 0.66064200 0.06151697 0.00000000
-0.65772900 0.75067620 -0.06227052 0.00000000
-0.33942000 1.33365000 -0.60257050 1.00000000

1.00000000 0.00000000 0.00000000 0.00000000
0.00000000 1.00000000 0.00000000 0.00000000
0.00000000 0.00000000 1.00000000 0.00000000
0.00000000 0.00000000 0.00000000 1.00000000

-0.13558360 -0.89130600 -0.43265510 0.00000000
0.32533640 -0.45252500 0.83028750 0.00000000
-0.93582770 -0.02818511 0.35132940 0.00000000
0.04283371 1.00095400 -0.21028610 1.00000000

0.03296992 -0.90332410 -0.42768950 0.00000000
0.36227950 -0.38801900 0.84746370 0.00000000
-0.93148630 -0.18288390 0.31446300 0.00000000
0.04823451 1.11078600 -0.17526660 1.00000000

-0.02964547 -0.73855710 -0.67353880 0.00000000
0.26718980 -0.65517020 0.70665530 0.00000000
-0.96318810 -0.15901350 0.21675780 0.00000000
0.04285695 1.25726300 -0.10604650 1.00000000

0.15066080 0.48731540 -0.86013090 0.00000000
-0.21524510 0.86535840 0.45257480 0.00000000
0.96486840 0.11695350 0.23526760 0.00000000
-0.05106932 0.99812550 -0.17503270 1.00000000

-0.01102696 0.73754760 0.67520500 0.00000000
0.12821080 -0.66862940 0.73245900 0.00000000
0.99168570 0.09464539 -0.08718872 0.00000000
0.13673690 1.00378200 -0.24553920 1.00000000

-0.05709440 -0.92083770 -0.38574350 0.00000000
-0.00276131 -0.38622650 0.92240000 0.00000000
-0.99836520 0.05372899 0.01950878 0.00000000
0.15135590 1.50149800 0.28849450 1.00000000

0.86049650 -0.34578520 -0.37413750 0.00000000
0.14164080 0.86780990 -0.47628110 0.00000000
0.48937120 0.35684510 0.79572470 0.00000000
