MeshAnim
1
28
71
30
-0.28756450 -0.94936190 0.12656560 0.00000000
-0.89321680 0.31352360 0.32228350 0.00000000
-0.34564490 -0.02037318 -0.93814410 0.00000000
-0.06003080 1.01249400 -0.22209820 1.00000000

-0.21543880 -0.97504910 0.05353259 0.00000000
-0.90377560 0.21985230 0.36722590 0.00000000
-0.36983240 0.03073331 -0.92859000 0.00000000
-0.02673110 1.12201600 -0.23675060 1.00000000

-0.05519816 -0.99829390 0.01905736 0.00000000
-0.92768900 0.05833393 0.36877000 0.00000000
-0.36925220 0.00267617 -0.92932550 0.00000000
0.00830258 1.28002500 -0.24547370 1.00000000

0.44396220 0.86469350 0.23495410 0.00000000
-0.89437820 0.44361920 0.05735415 0.00000000
-0.05463643 -0.23560110 0.97031340 0.00000000
-0.09471375 1.01045000 -0.31623380 1.00000000

0.05812619 0.92334030 -0.37955820 0.00000000
-0.86174170 0.23835510 0.44787110 0.00000000
0.50400700 0.30104800 0.80953520 0.00000000
-0.02534778 1.01453900 -0.12796270 1.00000000

0.28134320 -0.95834680 -0.04917945 0.00000000
-0.36606770 -0.15455870 0.91766380 0.00000000
-0.88704070 -0.24017530 -0.39430350 0.00000000
-0.07351252 1.76011700 -0.25735240 1.00000000

-0.06671250 0.16268750 0.98441980 0.00000000
0.96188310 0.27272200 0.02011420 0.00000000
-0.26520050 0.94823860 -0.17468010 0.00000000
-0.00373279 1.57269300 -0.36112380 1.00000000

-0.33078560 0.89067270 0.31190350 0.00000000
0.87204980 0.41482030 -0.25972000 0.00000000
-0.36070900 0.18608370 -0.91392670 0.00000000
0.00741250 1.54551300 -0.52558510 1.00000000

-0.18426230 0.63005390 0.75437370 0.00000000
0.91720890 0.38606360 -0.09840471 0.00000000
-0.35323640 0.67378600 -0.64902760 0.00000000
0.00741279 1.54551400 -0.52558450 1.00000000

0.10442530 0.59235750 0.79887960 0.00000000
0.92119670 0.24512980 -0.30217430 0.00000000
-0.37482400 0.76747950 -0.52007950 0.00000000
0.00553262 1.72467500 -0.32672910 1.00000000

-0.24771170 -0.12589080 -0.96062000 0.00000000
0.92940160 0.24912040 -0.27230930 0.00000000
0.27359110 -0.96025590 0.05529310 0.00000000
0.02912299 1.59182600 -0.16141350 1.00000000

-0.43748150 0.86828090 -0.23387890 0.00000000
0.89794840 0.40795610 -0.16510930 0.00000000
-0.04794875 -0.28224340 -0.95814400 0.00000000
0.07050669 1.61285800 -0.00092839 1.00000000

-0.39901910 0.49026630 -0.77486990 0.00000000
0.90508930 0.34602760 -0.24714140 0.00000000
0.14696140 -0.79994050 -0.58180590 0.00000000
0.07050681 1.61285700 -0.00092885 1.00000000

-0.17271420 0.43096940 -0.88568370 0.00000000
-0.96156590 -0.26863770 0.05679411 0.00000000
-0.21345160 0.86145220 0.46080290 0.00000000
0.02236007 1.73447400 -0.22444690 1.00000000

0.55276260 0.78918110 0.26767050 0.00000000
0.27535070 0.13019760 -0.95248710 0.00000000
-0.78653450 0.60020230 -0.14533290 0.00000000
-0.40244780 0.87794260 -0.46925850 1.00000000

0.69970800 0.71425750 -0.01567914 0.00000000
0.08402199 -0.10406430 -0.99101570 0.00000000
-0.70947180 0.69210390 -0.13282760 0.00000000
-0.52667420 0.70058440 -0.52941380 1.00000000

-0.44382580 0.88388600 -0.14753000 0.00000000
-0.81782110 -0.33222260 0.46989210 0.00000000
0.36631800 0.32920310 0.87030870 0.00000000
-0.14734210 0.88571490 0.20823070 1.00000000

-0.92245760 0.37933210 0.07197350 0.00000000
-0.24162510 -0.71256030 0.65869280 0.00000000
0.30114860 0.59022550 0.74896210 0.00000000
-0.04759796 0.68707320 0.24138640 1.00000000

0.27230740 -0.96104880 0.04727225 0.00000000
-0.94854060 -0.25986270 0.18095030 0.00000000
-0.16161760 -0.09411366 -0.98235580 0.00000000
0.01737045 1.44184200 -0.24858540 1.00000000

-0.13428060 0.99094380 -0.00002877 0.00000000
-0.12868030 -0.01740843 0.99153370 0.00000000
0.98255320 0.13314750 0.12985230 0.00000000
0.19683320 1.37554500 -0.17434650 1.00000000

0.13435230 0.94056170 0.31191930 0.00000000
0.80805200 -0.28618950 0.51492510 0.00000000
0.57358720 0.18286590 -0.79847280 0.00000000
0.09679644 1.37626900 -0.42611650 1.00000000

0.17278260 0.94465370 0.27888330 0.00000000
0.89415010 -0.26918250 0.35782210 0.00000000
0.41308890 0.18753830 -0.89117220 0.00000000
0.06365125 1.14422700 -0.50306910 1.00000000

0.36393730 0.91036760 0.19693010 0.00000000
0.33168210 0.07090054 -0.94072370 0.00000000
-0.87036650 0.40768250 -0.27614890 0.00000000
-0.16806020 1.40021800 -0.32985420 1.00000000

-0.10990800 0.99357610 0.02697355 0.00000000
0.02314311 -0.02457251 0.99943030 0.00000000
0.99367260 0.11046970 -0.02029383 0.00000000
0.22996130 1.13107400 -0.17433960 1.00000000

-0.11594770 0.92735420 0.35576870 0.00000000
0.23345160 -0.32270670 0.91725740 0.00000000
0.96543130 0.18940870 -0.17907520 0.00000000
0.25980560 0.86127560 -0.18166410 1.00000000

-0.12570620 0.74357740 0.65672770 0.00000000
0.41878290 -0.56033390 0.71459590 0.00000000
0.89934410 0.36485550 -0.24096010 0.00000000
0.28026620 0.69763100 -0.24444440 1.00000000

0.32788210 0.75480640 0.56812070 0.00000000
0.91020200 -0.41346770 0.02402487 0.00000000
0.25303410 0.50922730 -0.82259490 0.00000000
-0.02894163 0.73290100 -0.65011860 1.00000000

0.16472000 0.63320550 -0.75625340 0.00000000
-0.43130880 0.73577700 0.52211670 0.00000000
0.88704030 0.24017560 0.39430390 0.00000000
-0.08426982 1.76797900 -0.23794180 1.00000000

0.11167190 0.82384400 -0.55570830 0.00000000
-0.98347190 0.17182510 0.05710018 0.00000000
0.14252610 0.54014680 0.82941470 0.00000000
-0.06181948 1.39944800 -0.06246741 1.00000000

0.17170700 0.90849180 -0.38099910 0.00000000
-0.96008810 0.24099470 0.14196360 0.00000000
0.22079120 0.34141650 0.91361180 0.00000000
-0.09117135 1.18291000 0.08359431 1.00000000

0.36606280 0.15455830 -0.91766580 0.00000000
0.28134170 -0.95834730 -0.04918122 0.00000000
-0.88704310 -0.24017400 -0.39429860 0.00000000
-0.12445670 1.72834700 -0.19461000 1.00000000

0.36607100 0.15456090 -0.91766190 0.00000000
-0.28134720 0.95834550 0.04917899 0.00000000
0.88703790 0.24017840 0.39430760 0.00000000
-0.07463659 1.74183600 -0.17246400 1.00000000

0.42408450 0.86508560 0.26791810 0.00000000
0.31363890 0.13723450 -0.93957360 0.00000000
-0.84957880 0.48248790 -0.21312490 0.00000000
-0.26371710 1.16093800 -0.38161480 1.00000000

-0.33078560 0.89067270 0.31190350 0.00000000
0.87204980 0.41482030 -0.25972000 0.00000000
-0.36070900 0.18608370 -0.91392670 0.00000000
0.00741250 1.54551300 -0.52558510 1.00000000

-0.43748150 0.86828090 -0.23387890 0.00000000
0.89794840 0.40795610 -0.16510930 0.00000000
-0.04794875 -0.28224340 -0.95814400 0.00000000
0.07050669 1.61285800 -0.00092839 1.00000000

-0.51311720 0.85831890 0.00027105 0.00000000
-0.69475780 -0.41552300 0.58707140 0.00000000
0.50400680 0.30104800 0.80953520 0.00000000
-0.05370046 0.56415390 0.05717732 1.00000000

-0.20515720 0.97296110 -0.10610350 0.00000000
-0.75936430 -0.08984160 0.64443370 0.00000000
0.61747610 0.21278130 0.75726310 0.00000000
0.19658670 0.14548520 0.05704506 1.00000000

0.74616630 0.06721216 -0.66235800 0.00000000
-0.20240730 0.97069940 -0.12951710 0.00000000
0.63424530 0.23070730 0.73790730 0.00000000
0.08038189 -0.00341225 0.19363720 1.00000000

-0.28298540 0.93557520 0.21123180 0.00000000
-0.95756690 -0.26304370 -0.11778820 0.00000000
-0.05463646 -0.23560110 0.97031340 0.00000000
-0.31126850 0.58867180 -0.43083910 1.00000000

-0.01793158 0.98937810 0.14425790 0.00000000
-0.99702720 -0.00688073 -0.07674372 0.00000000
-0.07493590 -0.14520530 0.98656010 0.00000000
-0.17323470 0.13231900 -0.53387340 1.00000000

0.99702720 0.00687599 0.07674277 0.00000000
-0.01792642 0.98937870 0.14425480 0.00000000
-0.07493572 -0.14520190 0.98656080 0.00000000
-0.35988430 -0.00307012 -0.56797760 1.00000000

0.56275610 -0.82375480 -0.06880841 0.00000000
-0.80549690 -0.56516920 0.17821080 0.00000000
-0.18569020 -0.04486420 -0.98158380 0.00000000
-0.00440056 1.65895200 -0.26580270 1.00000000

0.00827618 0.19782380 -0.98020300 0.00000000
0.04290849 -0.97940430 -0.19730000 0.00000000
-0.99904500 -0.04042587 -0.01659372 0.00000000
-0.14519850 1.79531400 -0.19196080 1.00000000

-0.09440050 0.19097020 -0.97704670 0.00000000
-0.07552159 0.97722770 0.19830190 0.00000000
0.99266620 0.09250793 -0.07782848 0.00000000
-0.09313110 1.80941200 -0.16881540 1.00000000

0.33655660 0.89859020 -0.28154260 0.00000000
0.94044200 -0.33596940 0.05190471 0.00000000
-0.04794842 -0.28224330 -0.95814410 0.00000000
0.19494170 1.36588800 0.06559496 1.00000000

0.51463570 0.79886810 -0.31138580 0.00000000
0.30415280 -0.50964700 -0.80483000 0.00000000
-0.80164960 0.31948570 -0.50526010 0.00000000
0.09362908 1.09538800 0.15034690 1.00000000

0.68666780 0.54645270 0.47945510 0.00000000
0.48165800 -0.83597510 0.26296890 0.00000000
0.54451240 0.05036119 -0.83723980 0.00000000
0.05468982 1.09776700 0.12392180 1.00000000

0.16911150 0.97110450 0.16839770 0.00000000
0.82152780 -0.23328200 0.52026210 0.00000000
0.54451270 0.05036105 -0.83723940 0.00000000
0.00923019 1.06159000 0.09218033 1.00000000

0.25241580 0.95361440 0.16403260 0.00000000
0.52724120 0.00659907 -0.84969050 0.00000000
-0.81135900 0.30096030 -0.50111850 0.00000000
0.05049161 1.00930700 0.19486550 1.00000000

-0.32595180 0.46806650 0.82138290 0.00000000
0.48938900 0.82690230 -0.27700610 0.00000000
-0.80886020 0.31168530 -0.49859610 0.00000000
0.03497410 0.95068260 0.18478140 1.00000000

0.48553470 0.86653930 -0.11561370 0.00000000
0.42659500 -0.35028110 -0.83385860 0.00000000
-0.76306840 0.35554730 -0.53973470 0.00000000
-0.00192566 1.03517400 0.15997010 1.00000000

-0.10295450 0.75756130 0.64459420 0.00000000
0.63806550 0.54743770 -0.54146580 0.00000000
-0.76306840 0.35554740 -0.53973470 0.00000000
-0.03381347 0.97826330 0.16756320 1.00000000

0.06847420 0.98253430 0.17302740 0.00000000
0.93016200 -0.00016770 -0.36715100 0.00000000
-0.36070900 0.18608380 -0.91392660 0.00000000
0.10149970 1.29217400 -0.61430140 1.00000000

-0.12540440 0.99166290 0.02964906 0.00000000
0.75826950 0.07653265 0.64743390 0.00000000
0.63976720 0.10367310 -0.76154480 0.00000000
0.08088709 0.99640510 -0.66638720 1.00000000

-0.25410620 0.74367070 -0.61837230 0.00000000
0.81001110 -0.18573410 -0.55622450 0.00000000
-0.52850090 -0.64222850 -0.55518500 0.00000000
0.05935793 0.98250600 -0.62684570 1.00000000

-0.67453890 0.71476710 -0.18467740 0.00000000
0.51555230 0.27703680 -0.81083690 0.00000000
-0.52839730 -0.64215200 -0.55537160 0.00000000
0.07618055 0.93327250 -0.58590760 1.00000000

-0.59590330 0.67872510 -0.42922270 0.00000000
0.47141900 0.72835600 0.49725530 0.00000000
0.65012650 0.09397240 -0.75399300 0.00000000
0.10004290 0.89365860 -0.68452230 1.00000000

-0.74011080 -0.13586810 -0.65861710 0.00000000
-0.16012580 0.98681430 -0.02363406 0.00000000
0.65314380 0.08796984 -0.75210730 0.00000000
0.13667680 0.85193320 -0.65813520 1.00000000

-0.41064970 0.86348990 -0.29283540 0.00000000
0.64826170 0.50234300 0.57219730 0.00000000
0.64119020 0.04513866 -0.76605360 0.00000000
0.05523232 0.89105400 -0.63334040 1.00000000

-0.74654290 0.26770320 -0.60910560 0.00000000
0.17758500 0.96244470 0.20534180 0.00000000
0.64120100 0.04512843 -0.76604550 0.00000000
0.08220199 0.83434390 -0.61410810 1.00000000

0.36606470 0.15455840 -0.91766490 0.00000000
-0.28134030 0.95834760 0.04918115 0.00000000
0.88704290 0.24017260 0.39430030 0.00000000
-0.11222860 1.73722000 -0.17388400 1.00000000

0.36637650 0.15464370 -0.91752620 0.00000000
-0.28104080 0.95842850 0.04931536 0.00000000
0.88700910 0.23979420 0.39460650 0.00000000
-0.09993713 1.74054700 -0.16841960 1.00000000

0.36650060 0.15467680 -0.91747110 0.00000000
-0.28091080 0.95846370 0.04937284 0.00000000
0.88699890 0.23963210 0.39472730 0.00000000
-0.12867600 1.80203300 -0.15878680 1.00000000

0.36637350 0.15464290 -0.91752770 0.00000000
-0.28103730 0.95842950 0.04931667 0.00000000
0.88701140 0.23979110 0.39460310 0.00000000
-0.12325600 1.81076200 -0.17629800 1.00000000

0.40856520 -0.01058237 -0.91266830 0.00000000
0.21502620 -0.97067280 0.10751360 0.00000000
-0.88703940 -0.24017370 -0.39430710 0.00000000
-0.14579330 1.79483900 -0.19738280 1.00000000

0.19022550 0.58805990 -0.78613010 0.00000000
-0.42068480 0.77233540 0.47594460 0.00000000
0.88703950 0.24017600 0.39430530 0.00000000
-0.14579330 1.79483900 -0.19738280 1.00000000

0.36293360 0.16513180 -0.91706680 0.00000000
-0.28536870 0.95658150 0.05931070 0.00000000
0.88704250 0.24017610 0.39429860 0.00000000
-0.10015510 1.72814600 -0.17794330 1.00000000

0.40856230 -0.01058538 -0.91266940 0.00000000
0.21502590 -0.97067270 0.10751580 0.00000000
-0.88704080 -0.24017440 -0.39430370 0.00000000
-0.08878887 1.81027300 -0.17204310 1.00000000

0.19022420 0.58805840 -0.78613170 0.00000000
-0.42068140 0.77233740 0.47594490 0.00000000
0.88704140 0.24017450 0.39430190 0.00000000
-0.08878887 1.81027300 -0.17204310 1.00000000

0.25883500 0.87729810 0.40416960 0.00000000
0.92117460 -0.35007700 0.16995220 0.00000000
0.29058950 0.32832130 -0.89875670 0.00000000
0.01673329 0.88771260 -0.57879760 1.00000000

1.00000000 0.00000000 0.00000000 0.00000000
0.00000000 1.00000000 0.00000000 0.00000000
0.00000000 0.00000000 1.00000000 0.00000000
0.00000000 0.00000000 0.00000000 1.00000000

-0.22461250 -0.97177460 0.07213832 0.00000000
-0.76842240 0.22216120 0.60014300 0.00000000
-0.59922990 0.07936693 -0.79663350 0.00000000
-0.03810896 0.93730680 -0.30220830 1.00000000

-0.12349530 -0.98759580 -0.09697490 0.00000000
-0.78844950 0.03831148 0.61390530 0.00000000
-0.60257490 0.15227420 -0.78340070 0.00000000
-0.01208844 1.04943800 -0.31061190 1.00000000

0.07179686 -0.95829960 -0.27660000 0.00000000
-0.77110910 -0.22922510 0.59400890 0.00000000
-0.63264210 0.17064080 -0.75541130 0.00000000
0.00802470 1.20951700 -0.29497290 1.00000000

0.58379450 0.81162430 0.02122444 0.00000000
-0.77469450 0.54902750 0.31371510 0.00000000
0.24296620 -0.19958770 0.94928010 0.00000000
-0.09823723 0.94527060 -0.38214420 1.00000000

0.07564314 0.69204850 -0.71787740 0.00000000
-0.32331500 0.69806640 0.63888230 0.00000000
0.94326320 0.18377350 0.27655380 0.00000000
0.02201935 0.92934300 -0.22227220 1.00000000

0.32795360 -0.60811390 -0.72294100 0.00000000
-0.36060130 -0.78790320 0.49917530 0.00000000
-0.87316270 0.09698702 -0.47768260 0.00000000
-0.12966050 1.60637500 -0.07020791 1.00000000

0.62567300 -0.13923840 0.76755880 0.00000000
0.66173620 0.61576840 -0.42770920 0.00000000
-0.41308440 0.77552740 0.47740840 0.00000000
-0.09298398 1.51129400 -0.27840720 1.00000000

0.41134260 0.85731840 0.30952240 0.00000000
0.33073260 0.17605130 -0.92715830 0.00000000
-0.84936090 0.48374830 -0.21112610 0.00000000
-0.19751150 1.53455600 -0.40663880 1.00000000

0.60219130 0.43669230 0.66833120 0.00000000
0.46521520 0.48837650 -0.73828450 0.00000000
-0.64879960 0.75550580 0.09093961 0.00000000
-0.19751060 1.53455600 -0.40663870 1.00000000

0.35517560 0.28868820 0.88910600 0.00000000
0.63784750 0.62046270 -0.45626510 0.00000000
-0.68337480 0.72916810 0.03623393 0.00000000
-0.09344082 1.63693500 -0.18577060 1.00000000

-0.68233980 0.00670195 -0.73100470 0.00000000
0.57109960 0.62911620 -0.52731230 0.00000000
0.45635240 -0.77728260 -0.43309820 0.00000000
0.02209093 1.47185300 -0.11552080 1.00000000

-0.63157310 0.74765930 0.20523420 0.00000000
0.64728840 0.65418150 -0.39123490 0.00000000
-0.42677100 -0.11424760 -0.89711480 0.00000000
0.13608540 1.47073400 0.00660390 1.00000000

-0.80412840 0.48658320 -0.34148840 0.00000000
0.59443410 0.66307170 -0.45495560 0.00000000
0.00505707 -0.56883490 -0.82243650 0.00000000
0.13608540 1.47073400 0.00660339 1.00000000

-0.61548500 0.62137160 -0.48484620 0.00000000
-0.77923760 -0.57200200 0.25612970 0.00000000
-0.11818090 0.53545450 0.83625470 0.00000000
-0.03450473 1.61673600 -0.10234800 1.00000000

-0.31566990 0.38742670 0.86617170 0.00000000
0.94874670 0.11420430 0.29468190 0.00000000
0.01524718 0.91479970 -0.40362050 0.00000000
-0.28901290 0.98917110 -0.68951450 1.00000000

0.29008270 0.38894220 0.87440040 0.00000000
0.91907810 -0.36788510 -0.14126560 0.00000000
0.26673470 0.84462130 -0.46418550 0.00000000
-0.21807030 0.90210210 -0.88417540 1.00000000

-0.38621370 0.89985800 -0.20271910 0.00000000
-0.88648410 -0.30136020 0.35118130 0.00000000
0.25492210 0.31533830 0.91409910 0.00000000
0.20652320 0.71964940 -0.05737819 1.00000000

-0.27845940 0.92556950 -0.25647990 0.00000000
-0.96038750 -0.26533200 0.08517632 0.00000000
0.01078472 0.27003830 0.96278950 0.00000000
0.29331980 0.51741830 -0.01181939 1.00000000

0.41254170 -0.77479870 -0.47905760 0.00000000
-0.71372430 -0.60170570 0.35853620 0.00000000
-0.56604500 0.19400400 -0.80122140 0.00000000
-0.00351857 1.36489700 -0.25019340 1.00000000

-0.25021940 0.91619420 0.31301690 0.00000000
0.17407820 -0.27545990 0.94542010 0.00000000
0.95241130 0.29105190 -0.09056351 0.00000000
0.19656880 1.31925700 -0.24876660 1.00000000

0.13447570 0.84893540 0.51110240 0.00000000
0.89324460 -0.32714650 0.30836600 0.00000000
0.42898790 0.41507200 -0.80230010 0.00000000
0.02517501 1.36548700 -0.45342050 1.00000000

-0.80621370 0.53002260 0.26286130 0.00000000
0.48180010 0.33033980 0.81163130 0.00000000
0.34334940 0.78099470 -0.52168920 0.00000000
-0.00800051 1.15605000 -0.57951250 1.00000000

0.64428040 0.58629880 0.49107720 0.00000000
0.71481220 -0.23332840 -0.65924340 0.00000000
-0.27193120 0.77576550 -0.56942220 0.00000000
-0.19859180 1.30928500 -0.28983890 1.00000000

-0.45484020 0.78823360 -0.41449830 0.00000000
-0.28639740 0.31124290 0.90614830 0.00000000
0.84326590 0.53086410 0.08418256 0.00000000
0.25829940 1.09322700 -0.32598980 1.00000000

-0.61464290 0.65624640 -0.43767040 0.00000000
-0.54987670 0.04135114 0.83422190 0.00000000
0.56555310 0.75341340 0.33543850 0.00000000
0.38180770 0.87918780 -0.21343570 1.00000000

-0.80925170 0.58708810 0.02096730 0.00000000
-0.41098180 -0.59128580 0.69388430 0.00000000
0.41976890 0.55291020 0.71978160 0.00000000
0.49027000 0.76338390 -0.13620260 1.00000000

-0.67628720 -0.16234970 0.71852560 0.00000000
0.68630960 -0.49321960 0.53452310 0.00000000
0.26761100 0.85462180 0.44497990 0.00000000
0.37586030 0.99835340 -0.71208250 1.00000000

0.13569000 0.98963160 -0.04709767 0.00000000
-0.46816190 0.10594040 0.87726880 0.00000000
0.87316260 -0.09698719 0.47768350 0.00000000
-0.14084230 1.59719800 -0.05163249 1.00000000

-0.37010270 0.92132210 0.11912200 0.00000000
-0.51480440 -0.31013940 0.79924350 0.00000000
0.77330490 0.23447770 0.58908410 0.00000000
-0.01656830 1.26018800 -0.07249144 1.00000000

-0.38460040 0.91210990 -0.14191000 0.00000000
-0.73328400 -0.20850870 0.64716190 0.00000000
0.56069350 0.35295920 0.74902830 0.00000000
0.08070911 1.01802800 -0.10380130 1.00000000

0.36059640 0.78790410 -0.49917700 0.00000000
0.32795190 -0.60811290 -0.72294240 0.00000000
-0.87316540 0.09698424 -0.47767840 0.00000000
-0.17916420 1.53724900 -0.05253921 1.00000000

0.36060430 0.78790320 -0.49917240 0.00000000
-0.32795750 0.60811330 0.72293950 0.00000000
0.87316000 -0.09698772 0.47768750 0.00000000
-0.13012340 1.53180100 -0.02571058 1.00000000

-0.24125330 0.50747820 0.82720210 0.00000000
0.95772110 0.26216880 0.11848210 0.00000000
-0.15673930 0.82081300 -0.54927140 0.00000000
-0.36793400 1.15518300 -0.41891300 1.00000000

0.41134260 0.85731840 0.30952240 0.00000000
0.33073260 0.17605130 -0.92715830 0.00000000
-0.84936090 0.48374830 -0.21112610 0.00000000
-0.19751150 1.53455600 -0.40663880 1.00000000

-0.63157310 0.74765930 0.20523420 0.00000000
0.64728840 0.65418150 -0.39123490 0.00000000
-0.42677100 -0.11424760 -0.89711480 0.00000000
0.13608540 1.47073400 0.00660390 1.00000000

-0.25403910 0.93573800 0.24466160 0.00000000
-0.21381920 -0.30103620 0.92933290 0.00000000
0.94326340 0.18377350 0.27655380 0.00000000
-0.01487767 0.59177720 0.12789230 1.00000000

-0.03315206 0.99938040 0.01187262 0.00000000
-0.17478640 -0.01749378 0.98445110 0.00000000
0.98404830 0.03056155 0.17525830 0.00000000
0.10903690 0.13534510 0.00855169 1.00000000

0.29877240 0.00088201 -0.95432440 0.00000000
-0.02228007 0.99973420 -0.00605162 0.00000000
0.95406450 0.02307051 0.29871270 0.00000000
0.08038267 -0.00341225 0.19363730 1.00000000

-0.43004260 0.85501920 0.28983750 0.00000000
-0.86950040 -0.47865180 0.12190930 0.00000000
0.24296620 -0.19958770 0.94928010 0.00000000
-0.38299890 0.54937850 -0.39249690 1.00000000

-0.01793237 0.98937800 0.14425800 0.00000000
-0.99702740 -0.00688164 -0.07674253 0.00000000
-0.07493424 -0.14520550 0.98656020 0.00000000
-0.17323370 0.13231920 -0.53387330 1.00000000

0.99702740 0.00687669 0.07674235 0.00000000
-0.01792724 0.98937850 0.14425500 0.00000000
-0.07493496 -0.14520210 0.98656080 0.00000000
-0.35988320 -0.00307024 -0.56797750 1.00000000

0.52936110 -0.41678560 -0.73896290 0.00000000
-0.29224500 -0.90728490 0.30237000 0.00000000
-0.79647330 0.05589530 -0.60208510 0.00000000
-0.06464983 1.55519000 -0.16095980 1.00000000

0.00285952 0.85174410 -0.52395060 0.00000000
0.09196806 -0.52195600 -0.84799980 0.00000000
-0.99575780 -0.04576217 -0.07982621 0.00000000
-0.20315950 1.58028400 -0.00259918 1.00000000

-0.09906140 0.84175090 -0.53070040 0.00000000
-0.12439240 0.51866450 0.84588020 0.00000000
0.98727550 0.14980950 0.05332816 0.00000000
-0.15190680 1.57459100 0.02544048 1.00000000

0.46788600 0.82101450 -0.32713650 0.00000000
0.77391840 -0.55935940 -0.29692960 0.00000000
-0.42677060 -0.11424770 -0.89711480 0.00000000
0.31572690 1.25807300 -0.05177194 1.00000000

0.44581820 0.74250480 -0.49993320 0.00000000
-0.39846170 -0.33550190 -0.85362060 0.00000000
-0.80154530 0.57976340 0.14628650 0.00000000
0.17488070 1.01092500 0.04670507 1.00000000

0.99545760 0.09140849 0.02662140 0.00000000
0.09475935 -0.97832040 -0.18414730 0.00000000
0.00921124 0.18583330 -0.98253830 0.00000000
0.13085830 1.02709100 0.05128062 1.00000000

0.73565290 0.66428420 0.13244590 0.00000000
0.67729090 -0.72415110 -0.12993220 0.00000000
0.00959852 0.18528920 -0.98263720 0.00000000
0.06495566 1.02103900 0.04951820 1.00000000

0.52335570 0.83256230 -0.18149220 0.00000000
-0.21097620 -0.07975393 -0.97423260 0.00000000
-0.82558350 0.54816040 0.13391070 0.00000000
0.14252460 0.92585680 0.10119400 1.00000000

0.45349880 0.57849410 0.67800050 0.00000000
0.30374230 0.61486590 -0.72779200 0.00000000
-0.83790210 0.53598990 0.10312740 0.00000000
0.11035070 0.87467400 0.11235140 1.00000000

0.58711360 0.78742240 -0.18778720 0.00000000
-0.23031370 -0.05990702 -0.97127130 0.00000000
-0.77605000 0.61349640 0.14618170 0.00000000
0.09053228 0.96896260 0.10974070 1.00000000

0.52866150 0.50568400 0.68176350 0.00000000
0.34466210 0.60610600 -0.71682890 0.00000000
-0.77570960 0.61393780 0.14613470 0.00000000
0.05197325 0.91724810 0.12207380 1.00000000

0.51119050 0.85353180 -0.10084330 0.00000000
0.13141950 -0.19357770 -0.97224330 0.00000000
-0.84936080 0.48374810 -0.21112600 0.00000000
-0.31451180 1.29070400 -0.49467780 1.00000000

0.22030570 0.85830260 0.46344710 0.00000000
0.79063910 -0.43538800 0.43049720 0.00000000
0.57127560 0.27157870 -0.77452560 0.00000000
-0.46839390 1.03376800 -0.46432130 1.00000000

0.11630920 0.98190580 -0.14944640 0.00000000
0.54585600 -0.18889980 -0.81630780 0.00000000
-0.82976740 0.01336762 -0.55795010 0.00000000
-0.48997890 1.00937600 -0.43027210 1.00000000

-0.14200720 0.96178580 0.23409910 0.00000000
0.53940330 0.27348680 -0.79639810 0.00000000
-0.82998700 0.01317929 -0.55762760 0.00000000
-0.49767900 0.94437080 -0.42037820 1.00000000

-0.48894580 0.86818740 0.08475059 0.00000000
0.74196160 0.36282250 0.56378560 0.00000000
0.45872180 0.33854290 -0.82156200 0.00000000
-0.48669890 0.95019000 -0.52702930 1.00000000

-0.88537840 0.10197530 -0.45354970 0.00000000
-0.06847245 0.93639530 0.34420410 0.00000000
0.45980170 0.33580700 -0.82208100 0.00000000
-0.45664030 0.89681700 -0.53223960 1.00000000

-0.53255780 0.84340720 -0.07104295 0.00000000
0.53694990 0.40154410 0.74192200 0.00000000
0.65426870 0.35697030 -0.66671240 0.00000000
-0.52531710 0.93610760 -0.47276440 1.00000000

-0.56676270 -0.35210880 -0.74484940 0.00000000
-0.50049630 0.86527940 -0.02820715 0.00000000
0.65443430 0.35680790 -0.66663680 0.00000000
-0.49034100 0.88071650 -0.46809850 1.00000000

0.36059820 0.78790360 -0.49917640 0.00000000
-0.32795070 0.60811320 0.72294260 0.00000000
0.87316500 -0.09698655 0.47767850 0.00000000
-0.16744120 1.52851800 -0.03146404 1.00000000

0.36090540 0.78786990 -0.49900760 0.00000000
-0.32765590 0.60807970 0.72310470 0.00000000
0.87314880 -0.09746950 0.47760960 0.00000000
-0.15534200 1.52717300 -0.02484444 1.00000000

0.36102780 0.78785610 -0.49894100 0.00000000
-0.32752790 0.60806560 0.72317430 0.00000000
0.87314620 -0.09766897 0.47757370 0.00000000
-0.18707620 1.56111700 0.02555352 1.00000000

0.36090270 0.78787030 -0.49900940 0.00000000
-0.32765250 0.60807940 0.72310630 0.00000000
0.87315120 -0.09746930 0.47760550 0.00000000
-0.18204100 1.58004000 0.02019057 1.00000000

0.41113480 0.67297910 -0.61487200 0.00000000
0.26183380 -0.73327500 -0.62749540 0.00000000
-0.87316170 0.09699078 -0.47768390 0.00000000
-0.20371560 1.58390700 -0.00666642 1.00000000

0.16385860 0.98146690 -0.09936661 0.00000000
-0.45897450 0.16501130 0.87299130 0.00000000
0.87320840 -0.09744032 0.47750710 0.00000000
-0.20371560 1.58390700 -0.00666642 1.00000000

0.35696660 0.79454710 -0.49119320 0.00000000
-0.33190160 0.59940830 0.72838950 0.00000000
0.87316480 -0.09698289 0.47768040 0.00000000
-0.15492910 1.52568400 -0.04040346 1.00000000

0.41113190 0.67297830 -0.61487500 0.00000000
0.26183370 -0.73327610 -0.62749400 0.00000000
-0.87316300 0.09698777 -0.47768180 0.00000000
-0.14760300 1.57767400 0.02403104 1.00000000

0.16349130 0.98150770 -0.09956831 0.00000000
-0.45919020 0.16503580 0.87287280 0.00000000
0.87316370 -0.09698624 0.47768100 0.00000000
-0.14760300 1.57767400 0.02403104 1.00000000

-0.93469730 0.07804330 0.34677200 0.00000000
0.34841550 0.00809440 0.93730560 0.00000000
0.07034357 0.99691770 -0.03475726 0.00000000
0.21092110 1.01212500 -0.65089040 1.00000000

1.00000000 0.00000000 0.00000000 0.00000000
0.00000000 1.00000000 0.00000000 0.00000000
0.00000000 0.00000000 1.00000000 0.00000000
0.00000000 0.00000000 0.00000000 1.00000000

-0.12951880 -0.99155620 0.00641620 0.00000000
-0.57273760 0.08009101 0.81581680 0.00000000
-0.80944210 0.10198880 -0.57827480 0.00000000
-0.15081020 1.52430900 -0.14940670 1.00000000

-0.06299788 -0.96948850 -0.23690430 0.00000000
-0.58832680 -0.15566940 0.79349760 0.00000000
-0.80616550 0.18936570 -0.56056920 0.00000000
-0.13578880 1.63874900 -0.15024950 1.00000000

0.07942319 -0.85373430 -0.51461640 0.00000000
-0.53078190 -0.47319780 0.70310350 0.00000000
-0.84377870 0.21730630 -0.49072960 0.00000000
-0.12551080 1.79592500 -0.11194760 1.00000000

0.35839100 0.89568130 -0.26327080 0.00000000
-0.58731910 0.43552240 0.68218480 0.00000000
0.72568040 -0.08986486 0.68213800 0.00000000
-0.23203160 1.53454300 -0.20743200 1.00000000

-0.06383908 0.60045840 -0.79710390 0.00000000
0.01179826 0.79913160 0.60104070 0.00000000
0.99789060 0.02896557 -0.05810004 0.00000000
-0.06958874 1.51407600 -0.09138134 1.00000000

0.15211280 -0.35114740 -0.92388180 0.00000000
-0.24811920 -0.91839220 0.30820910 0.00000000
-0.95671250 0.18235020 -0.22682570 0.00000000
-0.21099820 2.07865200 0.25368070 1.00000000

0.91869240 -0.13408880 0.37151750 0.00000000
0.29447550 0.85939160 -0.41800890 0.00000000
-0.26322840 0.49342420 0.82900200 0.00000000
-0.24957480 2.05707900 0.02434584 1.00000000

0.51682780 0.84731910 0.12223200 0.00000000
-0.15119970 0.23088020 -0.96116280 0.00000000
-0.84263170 0.47827400 0.24743990 0.00000000
-0.40305540 2.07948000 -0.03772146 1.00000000

0.82507810 0.43073450 0.36566990 0.00000000
-0.00951850 0.65768650 -0.75323210 0.00000000
-0.56493880 0.61799470 0.54674290 0.00000000
-0.40305470 2.07948100 -0.03772175 1.00000000

0.62782340 0.11834980 0.76930590 0.00000000
0.33122190 0.85379560 -0.40165470 0.00000000
-0.70436510 0.50697890 0.49683250 0.00000000
-0.23058420 2.14962800 0.14860930 1.00000000

-0.90626280 -0.09681925 -0.41147860 0.00000000
0.12655480 0.86662520 -0.48264440 0.00000000
0.40332680 -0.48947700 -0.77313660 0.00000000
-0.07705919 2.00457300 0.11821440 1.00000000

-0.62797360 0.48472330 0.60884580 0.00000000
0.08689475 0.82112260 -0.56409940 0.00000000
-0.77336870 -0.30133400 -0.55776260 0.00000000
0.07434468 2.02074800 0.18695790 1.00000000

-0.96490130 0.22545270 0.13467370 0.00000000
0.12243610 0.83987690 -0.52878860 0.00000000
-0.23232590 -0.49373970 -0.83800110 0.00000000
0.07434420 2.02074800 0.18695760 1.00000000

-0.82735180 0.56123390 -0.02247867 0.00000000
-0.54318870 -0.78928260 0.28632030 0.00000000
0.14295050 0.24909790 0.95787040 0.00000000
-0.14222960 2.12273800 0.19668420 1.00000000

-0.33057700 0.79458510 0.50926810 0.00000000
0.86725990 0.46859420 -0.16816570 0.00000000
-0.37226200 0.38607600 -0.84401810 0.00000000
-0.49008250 1.39182000 -0.29402420 1.00000000

-0.39289990 0.70500400 0.59042330 0.00000000
0.91900570 0.27831940 0.27922550 0.00000000
0.03252858 0.65231030 -0.75725410 0.00000000
-0.41578980 1.21324800 -0.40847560 1.00000000

-0.17040590 0.96026920 -0.22100960 0.00000000
-0.85047580 -0.03005577 0.52515520 0.00000000
0.49764790 0.27745300 0.82180730 0.00000000
0.12654600 1.26412400 0.05688260 1.00000000

-0.20258090 0.92759340 -0.31389810 0.00000000
-0.97770940 -0.20965090 0.01145107 0.00000000
-0.05518699 0.30922110 0.94938780 0.00000000
0.16484270 1.04831600 0.10655190 1.00000000

0.29321620 -0.49685100 -0.81680080 0.00000000
-0.44036320 -0.82851550 0.34589450 0.00000000
-0.84858990 0.25826700 -0.46172890 0.00000000
-0.13832530 1.93438800 -0.02859366 1.00000000

-0.25054350 0.77859040 0.57534800 0.00000000
0.47136250 -0.42099380 0.77497210 0.00000000
0.84560390 0.46536180 -0.26152080 0.00000000
0.05644722 1.92333700 -0.09235535 1.00000000

-0.11528270 0.73421690 0.66905610 0.00000000
0.95163950 -0.11145720 0.28628610 0.00000000
0.28476720 0.66970400 -0.68586060 0.00000000
-0.17214620 1.98220900 -0.22530240 1.00000000

-0.33957910 0.91160290 0.23166140 0.00000000
0.84687980 0.18916890 0.49700110 0.00000000
0.40924420 0.36496040 -0.83625540 0.00000000
-0.14370560 1.80107400 -0.39036200 1.00000000

0.60464970 0.67235260 0.42701420 0.00000000
0.43959410 0.16536820 -0.88284220 0.00000000
-0.66419560 0.72152330 -0.19557230 0.00000000
-0.32982770 1.85667300 -0.02689279 1.00000000

-0.23181130 0.97057550 -0.06517342 0.00000000
0.18231590 0.10916010 0.97716190 0.00000000
0.95552360 0.21463520 -0.20225590 0.00000000
0.11825770 1.73125500 -0.23429690 1.00000000

-0.26574180 0.88244820 -0.38815890 0.00000000
-0.35196540 0.28603420 0.89123810 0.00000000
0.89749800 0.37345780 0.23457970 0.00000000
0.18120410 1.46770200 -0.21659940 1.00000000

-0.43138900 0.76790930 -0.47351820 0.00000000
-0.79090340 -0.06939699 0.60799410 0.00000000
0.43402350 0.63678900 0.63727870 0.00000000
0.22809790 1.31198200 -0.14810340 1.00000000

-0.78265910 0.61350240 0.10516740 0.00000000
0.18463690 0.06746912 0.98048840 0.00000000
0.59443630 0.78680620 -0.16608010 0.00000000
0.04732175 1.40755200 -0.46122470 1.00000000

0.13228500 0.96631470 0.22076610 0.00000000
-0.25921400 -0.18124720 0.94866110 0.00000000
0.95671800 -0.18271910 0.22650600 0.00000000
-0.21784530 2.06383700 0.27064860 1.00000000

-0.52623190 0.80643210 0.26971810 0.00000000
-0.23980810 -0.44505500 0.86279670 0.00000000
0.81582610 0.38935070 0.42759110 0.00000000
-0.08705592 1.79414900 0.11430070 1.00000000

-0.23014680 0.97228410 -0.04118864 0.00000000
-0.52388060 -0.08811570 0.84722170 0.00000000
0.82011090 0.21656340 0.52964030 0.00000000
0.05125821 1.58218800 0.04340827 1.00000000

0.24811420 0.91839360 -0.30820940 0.00000000
0.15211100 -0.35114620 -0.92388260 0.00000000
-0.95671420 0.18234620 -0.22682190 0.00000000
-0.25601260 2.00468300 0.26028150 1.00000000

0.24812290 0.91839190 -0.30820700 0.00000000
-0.15211690 0.35114700 0.92388120 0.00000000
0.95671090 -0.18235250 0.22683060 0.00000000
-0.20227940 1.99444200 0.27302080 1.00000000

0.00406238 0.88078630 0.47349710 0.00000000
0.67058810 0.34885520 -0.65468410 0.00000000
-0.74181840 0.32018110 -0.58922760 0.00000000
-0.48875330 1.67995300 -0.13912850 1.00000000

0.51682780 0.84731910 0.12223200 0.00000000
-0.15119970 0.23088020 -0.96116280 0.00000000
-0.84263170 0.47827400 0.24743990 0.00000000
-0.40305540 2.07948000 -0.03772146 1.00000000

-0.62797360 0.48472330 0.60884580 0.00000000
0.08689475 0.82112260 -0.56409940 0.00000000
-0.77336870 -0.30133400 -0.55776260 0.00000000
0.07434468 2.02074800 0.18695790 1.00000000

-0.01249222 0.96389650 0.26598530 0.00000000
0.06370667 -0.26469860 0.96222480 0.00000000
0.99789060 0.02896549 -0.05809984 0.00000000
-0.03844947 1.22118500 0.29742810 1.00000000

0.09613451 0.81390170 0.57299440 0.00000000
0.12542820 -0.58097760 0.80419720 0.00000000
0.98743400 -0.00544129 -0.15793820 0.00000000
-0.03235609 0.75101830 0.16768630 1.00000000

0.11723020 0.46109080 -0.87957530 0.00000000
0.20601020 0.85512600 0.47573100 0.00000000
0.97150270 -0.23697140 0.00525734 0.00000000
-0.02159794 0.53053660 0.24254270 1.00000000

-0.09560534 0.96864510 0.22931750 0.00000000
-0.68135730 -0.23162770 0.69433480 0.00000000
0.72568030 -0.08986498 0.68213810 0.00000000
-0.40684660 1.09765000 -0.07901444 1.00000000

-0.15990970 0.98082580 0.11140030 0.00000000
-0.75742600 -0.19428640 0.62334470 0.00000000
0.63303610 0.01530136 0.77397100 0.00000000
-0.36021260 0.62516610 -0.19087040 1.00000000

0.63888670 0.07879626 -0.76525480 0.00000000
-0.19307260 0.97932680 -0.06035201 0.00000000
0.74467900 0.18630800 0.64089210 0.00000000
-0.48218190 0.45539590 -0.08775460 1.00000000

0.21662080 -0.04091290 -0.97539820 0.00000000
0.04183700 -0.99781490 0.05114451 0.00000000
-0.97535930 -0.05188685 -0.21443580 0.00000000
-0.18439510 2.07362800 0.13389230 1.00000000

-0.10121830 0.96625660 -0.23686180 0.00000000
-0.10269000 -0.24696040 -0.96356950 0.00000000
-0.98955050 -0.07320754 0.12422160 0.00000000
-0.26781670 2.02984600 0.32469730 1.00000000

-0.20131400 0.95352200 -0.22420680 0.00000000
0.07071576 0.24244350 0.96758480 0.00000000
0.97697110 0.17893340 -0.11623630 0.00000000
-0.21165960 2.01914200 0.33801200 1.00000000

-0.03921434 0.90086600 -0.43232390 0.00000000
0.63274320 -0.31247310 -0.70851770 0.00000000
-0.77336850 -0.30133390 -0.55776280 0.00000000
0.25296240 1.88287600 0.01378089 1.00000000

-0.27858480 0.81508030 -0.50797250 0.00000000
-0.82004340 -0.47718580 -0.31594770 0.00000000
-0.49991980 0.32854100 0.80133740 0.00000000
0.26476690 1.61169100 0.14392190 1.00000000

0.67404790 0.20975290 -0.70828250 0.00000000
0.01935317 -0.96352410 -0.26692270 0.00000000
-0.73843440 0.16621130 -0.65352020 0.00000000
0.23813400 1.61458600 0.18268420 1.00000000

0.56717130 0.67729690 -0.46860150 0.00000000
0.36614780 -0.71700490 -0.59316160 0.00000000
-0.73773500 0.16484710 -0.65465460 0.00000000
0.19350970 1.60070000 0.22957500 1.00000000

-0.20539370 0.87926820 -0.42977000 0.00000000
-0.82098180 -0.39383240 -0.41338250 0.00000000
-0.53273120 0.26792690 0.80275340 0.00000000
0.30584200 1.52360600 0.18642570 1.00000000

0.41886420 0.90572560 0.06492255 0.00000000
-0.70168470 0.36822540 -0.60995840 0.00000000
-0.57636110 0.20993430 0.78977010 0.00000000
0.31846880 1.46955200 0.21284630 1.00000000

0.15907590 0.93173300 -0.32645010 0.00000000
-0.87732210 -0.01823489 -0.47955560 0.00000000
-0.45277050 0.36268740 0.81452880 0.00000000
0.27147450 1.55012800 0.23886440 1.00000000

0.78442100 0.59662510 0.16947780 0.00000000
-0.42414920 0.71538590 -0.55526700 0.00000000
-0.45252820 0.36367900 0.81422150 0.00000000
0.26102700 1.48893600 0.26030420 1.00000000

0.40858980 0.86717000 -0.28473120 0.00000000
-0.35075170 -0.13882220 -0.92612240 0.00000000
-0.84263180 0.47827400 0.24744020 0.00000000
-0.55005950 1.83847300 -0.07248852 1.00000000

0.38511560 0.79127700 0.47493980 0.00000000
0.84360960 -0.51050250 0.16646600 0.00000000
0.37417840 0.33655480 -0.86413070 0.00000000
-0.67305610 1.57743100 0.01322336 1.00000000

0.18021150 0.98031340 -0.08068962 0.00000000
0.27367850 -0.12876550 -0.95316340 0.00000000
-0.94478800 0.14968790 -0.29149530 0.00000000
-0.68690590 1.55014100 0.04905185 1.00000000

0.05042869 0.94550280 0.32168810 0.00000000
0.32319750 0.28931670 -0.90102180 0.00000000
-0.94498720 0.14940600 -0.29099380 0.00000000
-0.69883650 1.48524100 0.05439383 1.00000000

-0.42150170 0.85035610 0.31501130 0.00000000
0.87899580 0.29772010 0.37246410 0.00000000
0.22294180 0.43388780 -0.87294850 0.00000000
-0.71194510 1.50226200 -0.05072965 1.00000000

-0.97464770 0.10733080 -0.19632260 0.00000000
0.00890236 0.89534200 0.44529260 0.00000000
0.22356910 0.43225520 -0.87359780 0.00000000
-0.68603280 1.44998600 -0.07009536 1.00000000

-0.58379690 0.80725770 0.08670279 0.00000000
0.63313690 0.38580350 0.67103930 0.00000000
0.50825120 0.44664520 -0.73633530 0.00000000
-0.73648200 1.48354000 0.00994803 1.00000000

-0.54440120 -0.49579770 -0.67661860 0.00000000
-0.66714190 0.74487700 -0.00903779 0.00000000
0.50847820 0.44648030 -0.73627880 0.00000000
-0.69814080 1.43052300 0.00425381 1.00000000

0.24811610 0.91839290 -0.30820930 0.00000000
-0.15210960 0.35114650 0.92388260 0.00000000
0.95671400 -0.18234850 0.22682160 0.00000000
-0.23997140 1.99086600 0.27475770 1.00000000

0.24845330 0.91832910 -0.30812850 0.00000000
-0.15178640 0.35108390 0.92395960 0.00000000
0.95667800 -0.18279110 0.22661800 0.00000000
-0.22671440 1.98833800 0.27790110 1.00000000

0.24858750 0.91830330 -0.30809730 0.00000000
-0.15164620 0.35105750 0.92399260 0.00000000
0.95666510 -0.18297100 0.22652570 0.00000000
-0.24605230 2.00424600 0.34171470 1.00000000

0.24845030 0.91832940 -0.30812950 0.00000000
-0.15178280 0.35108340 0.92396030 0.00000000
0.95667920 -0.18278940 0.22661340 0.00000000
-0.24214810 2.02416400 0.34125840 1.00000000

0.27042240 0.84508660 -0.46119530 0.00000000
0.10758660 -0.50256980 -0.85781660 0.00000000
-0.95671180 0.18235410 -0.22682600 0.00000000
-0.26922950 2.03446000 0.32211040 1.00000000

0.14781540 0.97543540 0.16333130 0.00000000
-0.25069950 -0.12279730 0.96024530 0.00000000
0.95671380 -0.18288600 0.22638980 0.00000000
-0.26922950 2.03446000 0.32211040 1.00000000

0.24667680 0.92211640 -0.29808210 0.00000000
-0.15439900 0.34105450 0.92727760 0.00000000
0.95671950 -0.18271400 0.22650390 0.00000000
-0.22982950 1.99148200 0.26289980 1.00000000

0.27041890 0.84508630 -0.46119770 0.00000000
0.10758660 -0.50257150 -0.85781560 0.00000000
-0.95671270 0.18235070 -0.22682480 0.00000000
-0.20774760 2.02274100 0.33668680 1.00000000

0.14724700 0.97554410 0.16319560 0.00000000
-0.25103570 -0.12273210 0.96016570 0.00000000
0.95671300 -0.18234920 0.22682440 0.00000000
-0.20774760 2.02274100 0.33668680 1.00000000

-0.55998600 0.82727440 0.04509282 0.00000000
0.55587220 0.33479990 0.76086540 0.00000000
0.61434690 0.45113970 -0.64734140 0.00000000
-0.05149537 1.55353500 -0.45326780 1.00000000

1.00000000 0.00000000 0.00000000 0.00000000
0.00000000 1.00000000 0.00000000 0.00000000
0.00000000 0.00000000 1.00000000 0.00000000
0.00000000 0.00000000 0.00000000 1.00000000

-0.07318237 -0.99567200 -0.05728280 0.00000000
-0.38079190 -0.02518928 0.92431760 0.00000000
-0.92176010 0.08945660 -0.37730050 0.00000000
-0.24919070 2.09082400 0.00896472 1.00000000

-0.05823323 -0.93935370 -0.33796980 0.00000000
-0.39545190 -0.28914490 0.87178730 0.00000000
-0.91663890 0.18441780 -0.35463140 0.00000000
-0.24069510 2.20575600 0.01546228 1.00000000

0.01321556 -0.75039370 -0.66085890 0.00000000
-0.32571560 -0.62809970 0.70668280 0.00000000
-0.94537560 0.20591280 -0.25271560 0.00000000
-0.23121580 2.35806800 0.07014240 1.00000000

0.06020843 0.90960130 -0.41109730 0.00000000
-0.33291070 0.40656240 0.85080970 0.00000000
0.94103430 0.08563275 0.32729450 0.00000000
-0.34168240 2.09980000 -0.02889434 1.00000000

-0.18128570 0.61488130 -0.76750020 0.00000000
0.20101910 0.78712250 0.58312030 0.00000000
0.96266670 -0.04857082 -0.26629690 0.00000000
-0.15669910 2.08184800 0.04682385 1.00000000

-0.02700189 -0.22521090 -0.97393600 0.00000000
-0.16295060 -0.96026800 0.22656830 0.00000000
-0.98626480 0.16482120 -0.01076922 0.00000000
-0.23648750 2.55191200 0.49374530 1.00000000

0.99561520 -0.05850965 0.07299078 0.00000000
0.07627442 0.95947130 -0.27128920 0.00000000
