MeshAnim
1
50
71
30
0.16172720 -0.95852430 0.23468320 0.00000000
0.50071030 0.28463270 0.81748040 0.00000000
-0.85037280 -0.01470069 0.52597550 0.00000000
-0.00000001 1.05851000 -0.00000025 1.00000000

0.13628910 -0.96794230 0.21098220 0.00000000
0.46771700 0.25060850 0.84760690 0.00000000
-0.87330800 -0.01683973 0.48687790 0.00000000
-0.01587835 1.16913000 -0.02877202 1.00000000

0.08565113 -0.98657080 0.13907720 0.00000000
0.49609600 0.16328570 0.85277650 0.00000000
-0.86403320 -0.00404577 0.50341900 0.00000000
-0.03802936 1.32597400 -0.06307379 1.00000000

0.20551620 0.93588040 -0.28616870 0.00000000
0.28559630 0.22232870 0.93220480 0.00000000
0.93605490 -0.27331170 -0.22159140 0.00000000
-0.08532832 1.05703500 0.05277753 1.00000000

-0.30739750 0.94656310 0.09759945 0.00000000
0.73294940 0.17011100 0.65867190 0.00000000
0.60687110 0.27400960 -0.74607410 0.00000000
0.08532827 1.05998600 -0.05277799 1.00000000

-0.01196904 -0.97731790 -0.21143930 0.00000000
0.00306508 -0.21148950 0.97737610 0.00000000
-0.99992420 0.01105013 0.00552660 0.00000000
-0.00651480 1.81567900 -0.05952768 1.00000000

0.85327710 0.16729640 -0.49389350 0.00000000
-0.51764970 0.15748260 -0.84097550 0.00000000
-0.06291218 0.97324820 0.22097690 0.00000000
-0.12995630 1.63491100 -0.04164759 1.00000000

0.25535800 0.96595630 0.04149014 0.00000000
-0.51271120 0.17167150 -0.84122380 0.00000000
-0.81970760 0.19354050 0.53909400 0.00000000
-0.27250830 1.60696100 0.04086429 1.00000000

0.67174450 0.68762450 -0.27555850 0.00000000
-0.51334800 0.16391700 -0.84238110 0.00000000
-0.53407290 0.70732190 0.46310080 0.00000000
-0.27250820 1.60696100 0.04086421 1.00000000

0.73866420 0.42550210 -0.52280380 0.00000000
-0.57771100 -0.00000027 -0.81624220 0.00000000
-0.34731250 0.90495770 0.24581680 0.00000000
-0.09066335 1.77689100 -0.09327367 1.00000000

-0.69155490 0.16545810 0.70311890 0.00000000
-0.68108770 0.17482410 -0.71102600 0.00000000
-0.24056700 -0.97059830 -0.00820923 0.00000000
0.03249967 1.61699500 -0.16254780 1.00000000

-0.08265200 0.97246020 0.21792340 0.00000000
-0.51704290 0.14509560 -0.84357320 0.00000000
-0.85196050 -0.18239850 0.49081070 0.00000000
0.14803360 1.58935300 -0.28001380 1.00000000

-0.48373470 0.68926950 0.53936010 0.00000000
-0.59537150 0.19255040 -0.78003780 0.00000000
-0.64150980 -0.69845030 0.31722780 0.00000000
0.14803380 1.58935300 -0.28001390 1.00000000

-0.66603240 0.50128550 0.55237170 0.00000000
0.63837210 0.00000015 0.76972880 0.00000000
0.38585350 0.86528240 -0.32000660 0.00000000
-0.00746124 1.76771500 -0.15519310 1.00000000

0.36590620 0.92729880 -0.07893068 0.00000000
-0.62241300 0.18077980 -0.76152600 0.00000000
-0.69189260 0.32777420 0.64331100 0.00000000
-0.29750910 0.90268210 0.14641940 1.00000000

0.40823560 0.90726800 -0.10104120 0.00000000
-0.61882660 0.19366520 -0.76128090 0.00000000
-0.67111690 0.37330860 0.64050200 0.00000000
-0.37974180 0.69428370 0.16415820 1.00000000

-0.13615670 0.94347270 0.30219410 0.00000000
0.45291170 -0.21201180 0.86598130 0.00000000
0.88109790 0.25477630 -0.39844250 0.00000000
0.24890570 0.91094800 -0.22263260 1.00000000

-0.10888760 0.95312010 0.28232280 0.00000000
0.45540260 -0.20462410 0.86645210 0.00000000
0.88360230 0.22291640 -0.41177180 0.00000000
0.27950530 0.69891480 -0.29054680 1.00000000

-0.16866930 -0.98233320 -0.08107495 0.00000000
0.57704750 -0.16509460 0.79985080 0.00000000
-0.79910420 0.08812593 0.59469870 0.00000000
-0.05198447 1.48587900 -0.08571588 1.00000000

-0.03894131 0.98321830 0.17823010 0.00000000
0.99912420 0.04104949 -0.00815362 0.00000000
-0.01533321 0.17775650 -0.98395560 0.00000000
-0.00091937 1.40616200 -0.26781650 1.00000000

0.10154380 0.99038470 0.09395814 0.00000000
0.47686700 0.03443184 -0.87830130 0.00000000
-0.87309090 0.13399140 -0.46878570 0.00000000
-0.23500070 1.40506600 -0.13143190 1.00000000

0.11897320 0.98960480 0.08080265 0.00000000
0.47439240 0.01483595 -0.88018920 0.00000000
-0.87223740 0.14305080 -0.46769610 0.00000000
-0.26005260 1.16073300 -0.15461210 1.00000000

0.32468550 0.94433340 -0.05305010 0.00000000
-0.62471770 0.17200480 -0.76167130 0.00000000
-0.71014630 0.28044470 0.64578890 0.00000000
-0.10270280 1.45853000 0.11275650 1.00000000

-0.02611147 0.98826020 0.15053470 0.00000000
0.99955720 0.02796523 -0.01020914 0.00000000
-0.01429927 0.15020140 -0.98855260 0.00000000
0.00868766 1.16359700 -0.31178710 1.00000000

-0.00937270 0.99305450 0.11728510 0.00000000
0.99986460 0.01089890 -0.01237696 0.00000000
-0.01356950 0.11715310 -0.99302180 0.00000000
0.01577808 0.89524160 -0.35266350 1.00000000

-0.00935867 0.99067030 0.13596130 0.00000000
0.99989010 0.01084182 -0.01017115 0.00000000
-0.01155052 0.13585110 -0.99066250 0.00000000
0.01743189 0.72000320 -0.37336010 1.00000000

0.18778510 0.97683460 0.10262780 0.00000000
0.47568040 0.00097010 -0.87961830 0.00000000
-0.85934050 0.21399690 -0.46447890 0.00000000
-0.32083640 0.71839380 -0.19016350 1.00000000

0.00412186 0.68362190 -0.72982540 0.00000000
0.01218212 0.72974260 0.68361370 0.00000000
0.99991770 -0.01170857 -0.00531977 0.00000000
-0.00631419 1.82259000 -0.03702233 1.00000000

-0.18241660 0.92741550 0.32653540 0.00000000
0.45200550 -0.21583260 0.86551060 0.00000000
0.87316430 0.30547920 -0.37982500 0.00000000
0.14589730 1.45969400 -0.03208641 1.00000000

-0.16831880 0.93230590 0.32011750 0.00000000
0.45220020 -0.21553280 0.86548360 0.00000000
0.87589070 0.29043430 -0.38531030 0.00000000
0.19384350 1.21593300 -0.11791260 1.00000000

-0.00306907 0.21149030 -0.97737570 0.00000000
-0.01196915 -0.97731760 -0.21144010 0.00000000
-0.99992420 0.01104946 0.00553054 0.00000000
-0.03450032 1.78609700 0.01717291 1.00000000

-0.00306106 0.21149060 -0.97737570 0.00000000
0.01196523 0.97731750 0.21144040 0.00000000
0.99992430 -0.01104730 -0.00552186 0.00000000
0.02166007 1.78547600 0.01686249 1.00000000

0.33462670 0.94042120 -0.06027958 0.00000000
-0.62436180 0.17334300 -0.76165990 0.00000000
-0.70583150 0.29250770 0.64516790 0.00000000
-0.18804290 1.21032200 0.12670020 1.00000000

0.25535800 0.96595630 0.04149014 0.00000000
-0.51271120 0.17167150 -0.84122380 0.00000000
-0.81970760 0.19354050 0.53909400 0.00000000
-0.27250830 1.60696100 0.04086429 1.00000000

-0.08265200 0.97246020 0.21792340 0.00000000
-0.51704290 0.14509560 -0.84357320 0.00000000
-0.85196050 -0.18239850 0.49081070 0.00000000
0.14803360 1.58935300 -0.28001380 1.00000000

-0.03783135 0.94758840 0.31724650 0.00000000
0.79390000 -0.16430260 0.58543010 0.00000000
0.60687080 0.27400970 -0.74607430 0.00000000
0.23526990 0.59827340 -0.10038480 1.00000000

-0.06052823 0.99433540 0.08737248 0.00000000
0.77839930 -0.00777444 0.62772210 0.00000000
0.62484510 0.10600570 -0.77351900 0.00000000
0.25372310 0.13606080 -0.25513050 1.00000000

-0.79986390 0.01194361 -0.60006370 0.00000000
-0.05980220 0.99324100 0.09948365 0.00000000
0.59719520 0.11545870 -0.79374270 0.00000000
0.40954440 -0.00016952 -0.14792800 1.00000000

0.30079980 0.94832700 0.10097970 0.00000000
0.18254230 -0.16117740 0.96989760 0.00000000
0.93605480 -0.27331160 -0.22159140 0.00000000
-0.18557460 0.60053350 0.19236430 1.00000000

0.18775470 0.98212120 0.01369193 0.00000000
0.11134320 -0.03513180 0.99316130 0.00000000
0.97588500 -0.18494610 -0.11594840 0.00000000
-0.33229800 0.13796070 0.14310870 1.00000000

-0.13262020 0.04388887 -0.99019520 0.00000000
0.20462790 0.97871020 0.01597303 0.00000000
0.96981440 -0.20050310 -0.13877740 0.00000000
-0.33662760 -0.00180256 0.32959960 1.00000000

-0.25714530 -0.91033130 -0.32430510 0.00000000
0.52178210 -0.41325860 0.74629890 0.00000000
-0.81340070 0.02269049 0.58126160 0.00000000
-0.03809474 1.70388200 -0.09935553 1.00000000

0.01230443 0.10851060 -0.99401990 0.00000000
-0.02793571 -0.99366910 -0.10881800 0.00000000
-0.99953450 0.02910751 -0.00919554 0.00000000
-0.03493160 1.85473300 0.03169231 1.00000000

-0.00344196 0.10898570 -0.99403830 0.00000000
-0.00477330 0.99403010 0.10900120 0.00000000
0.99998310 0.00512001 -0.00290081 0.00000000
0.02376205 1.85408400 0.03136810 1.00000000

-0.23474480 0.97093770 -0.04664905 0.00000000
-0.46803780 -0.15495830 -0.87001750 0.00000000
-0.85196060 -0.18239830 0.49081050 0.00000000
0.17154290 1.31275100 -0.34199900 1.00000000

-0.32241770 0.93075820 -0.17244400 0.00000000
-0.94368170 -0.30175620 0.13568150 0.00000000
0.07425082 0.20647830 0.97563080 0.00000000
0.24220740 1.02047300 -0.32795630 1.00000000

0.12762110 0.66110100 -0.73936420 0.00000000
-0.22026310 -0.70795320 -0.67103490 0.00000000
-0.96705660 0.24849280 0.05526593 0.00000000
0.24101900 1.01812900 -0.28091060 1.00000000

0.23558800 0.95587240 -0.17551960 0.00000000
-0.09644267 -0.15671740 -0.98292430 0.00000000
-0.96705660 0.24849270 0.05526593 0.00000000
0.23257000 0.97436230 -0.23196230 1.00000000

0.21292460 0.95278920 -0.21646480 0.00000000
-0.96889050 0.23450070 0.07913172 0.00000000
0.12615730 0.19288150 0.97307900 0.00000000
0.27965520 0.92125170 -0.32560650 1.00000000

0.91259960 0.35937120 -0.19497560 0.00000000
-0.38819030 0.91129570 -0.13729340 0.00000000
0.12834140 0.20098150 0.97115220 0.00000000
0.26656540 0.86267780 -0.31229910 1.00000000

-0.13763890 0.95791550 -0.25190230 0.00000000
-0.98957960 -0.12213060 0.07627475 0.00000000
0.04230011 0.25977540 0.96474310 0.00000000
0.28421190 0.93982790 -0.26027260 1.00000000

0.71219560 0.66937250 -0.21146800 0.00000000
-0.70070630 0.69603020 -0.15669660 0.00000000
0.04229999 0.25977540 0.96474300 0.00000000
0.29325140 0.87691630 -0.24372880 1.00000000

0.07657634 0.96976450 -0.23171940 0.00000000
-0.56764140 -0.14866010 -0.80974350 0.00000000
-0.81970740 0.19354040 0.53909420 0.00000000
-0.34514110 1.33220900 0.02906303 1.00000000

0.00356590 0.93003510 -0.36745500 0.00000000
0.54252490 -0.31047680 -0.78055820 0.00000000
-0.84003270 -0.19657020 -0.50567450 0.00000000
-0.36819260 1.04028400 0.09881698 1.00000000

-0.70881670 0.66995910 -0.22075890 0.00000000
-0.50889710 -0.70239650 -0.49765860 0.00000000
-0.48847070 -0.24040550 0.83881020 0.00000000
-0.32569660 1.03742700 0.11896960 1.00000000

-0.25037100 0.95949180 0.12919210 0.00000000
-0.83589010 -0.14690720 -0.52887430 0.00000000
-0.48847060 -0.24040550 0.83881030 0.00000000
-0.27877060 0.99307330 0.13358450 1.00000000

-0.27655020 0.95675740 0.09019861 0.00000000
0.51052140 0.22578590 -0.82969250 0.00000000
-0.81418010 -0.18340330 -0.55088640 0.00000000
-0.38427040 0.94133560 0.13350750 1.00000000

-0.58070120 0.36825470 0.72606780 0.00000000
0.06418580 0.90978090 -0.41009740 0.00000000
-0.81158300 -0.19154090 -0.55194800 0.00000000
-0.36726920 0.88251810 0.12796240 1.00000000

-0.15013360 0.95944120 -0.23860770 0.00000000
0.51257840 -0.13083680 -0.84861390 0.00000000
-0.84541360 -0.24971060 -0.47214590 0.00000000
-0.32776740 0.95924450 0.16698970 1.00000000

-0.50110630 0.67675890 0.53934250 0.00000000
0.18484910 0.69256270 -0.69727240 0.00000000
-0.84541370 -0.24971050 -0.47214580 0.00000000
-0.31790720 0.89623270 0.18266040 1.00000000

-0.00306711 0.21149030 -0.97737610 0.00000000
0.01197118 0.97731780 0.21143990 0.00000000
0.99992420 -0.01105183 -0.00552908 0.00000000
-0.01323862 1.78902200 0.03121632 1.00000000

-0.00257325 0.21148520 -0.97737850 0.00000000
0.01245357 0.97731210 0.21143790 0.00000000
0.99991970 -0.01162773 -0.00514832 0.00000000
0.00061760 1.78886900 0.03113990 1.00000000

-0.00257617 0.21148460 -0.97737860 0.00000000
0.01245654 0.97731230 0.21143730 0.00000000
0.99991970 -0.01163007 -0.00515172 0.00000000
-0.00547130 1.85281300 0.05508065 1.00000000

-0.00306454 0.21149060 -0.97737560 0.00000000
0.01196852 0.97731750 0.21144050 0.00000000
0.99992410 -0.01104973 -0.00552598 0.00000000
-0.00545921 1.86276000 0.03738121 1.00000000

-0.00544164 0.00740239 -0.99995840 0.00000000
-0.01109119 -0.99991170 -0.00734140 0.00000000
-0.99992410 0.01105078 0.00552294 0.00000000
-0.03773239 1.85521100 0.02701188 1.00000000

0.00293420 0.62021140 -0.78443000 0.00000000
0.01235148 0.78435050 0.62019500 0.00000000
0.99992010 -0.01150873 -0.00535885 0.00000000
-0.03773239 1.85521100 0.02701188 1.00000000

-0.00272963 0.21148530 -0.97737820 0.00000000
0.01256938 0.97731130 0.21143560 0.00000000
0.99991770 -0.01170790 -0.00532565 0.00000000
-0.00650805 1.77901300 0.02247399 1.00000000

-0.00544545 0.00740042 -0.99995860 0.00000000
-0.01109065 -0.99991160 -0.00733942 0.00000000
-0.99992410 0.01105021 0.00552669 0.00000000
0.02652683 1.85450200 0.02665674 1.00000000

0.00251804 0.62021440 -0.78442880 0.00000000
0.01209602 0.78435440 0.62019480 0.00000000
0.99992420 -0.01105018 -0.00552693 0.00000000
0.02652683 1.85450200 0.02665674 1.00000000

0.16138100 0.98387460 0.07712662 0.00000000
0.47115740 -0.00814048 -0.88201220 0.00000000
-0.86716080 0.17867860 -0.46487350 0.00000000
-0.29235860 0.89201250 -0.17655340 1.00000000

1.00000000 0.00000000 0.00000000 0.00000000
0.00000000 1.00000000 0.00000000 0.00000000
0.00000000 0.00000000 1.00000000 0.00000000
0.00000000 0.00000000 0.00000000 1.00000000

0.16218630 -0.95854460 0.23428240 0.00000000
0.50081420 0.28453490 0.81745030 0.00000000
-0.85022400 -0.01524737 0.52620020 0.00000000
0.00007695 1.05820300 -0.00017000 1.00000000

0.13638600 -0.96790740 0.21107910 0.00000000
0.46781350 0.25074240 0.84751320 0.00000000
-0.87324080 -0.01684339 0.48699800 0.00000000
-0.01582005 1.16882400 -0.02892468 1.00000000

0.08489078 -0.98694440 0.13687400 0.00000000
0.49466340 0.16099040 0.85404320 0.00000000
-0.86492880 -0.00479391 0.50187190 0.00000000
-0.03798654 1.32566200 -0.06324233 1.00000000

0.20521320 0.93545680 -0.28776440 0.00000000
0.28616590 0.22382320 0.93167190 0.00000000
0.93594690 -0.27353960 -0.22176420 0.00000000
-0.08523642 1.05667200 0.05263037 1.00000000

-0.30860920 0.94629120 0.09640172 0.00000000
0.73253680 0.17179530 0.65869280 0.00000000
0.60675380 0.27389660 -0.74621080 0.00000000
0.08539030 1.05973300 -0.05297028 1.00000000

-0.01148283 -0.97734660 -0.21133300 0.00000000
0.00460023 -0.21139650 0.97738970 0.00000000
-0.99992360 0.01025108 0.00692368 0.00000000
-0.00595602 1.81525100 -0.05853767 1.00000000

0.85165210 0.16995790 -0.49578570 0.00000000
-0.52027080 0.15989770 -0.83889870 0.00000000
-0.06330244 0.97239240 0.22460110 0.00000000
-0.12945580 1.63467200 -0.04091149 1.00000000

0.25591700 0.96575390 0.04273108 0.00000000
-0.51230900 0.17297800 -0.84120050 0.00000000
-0.81978450 0.19338580 0.53903250 0.00000000
-0.27173630 1.60627800 0.04191657 1.00000000

0.67095600 0.68852600 -0.27522750 0.00000000
-0.51466160 0.16522250 -0.84132330 0.00000000
-0.53379960 0.70613970 0.46521490 0.00000000
-0.27173610 1.60627800 0.04191638 1.00000000

0.73716880 0.42692660 -0.52375230 0.00000000
-0.57918790 -0.00000113 -0.81519400 0.00000000
-0.34802850 0.90428640 0.24726960 0.00000000
-0.09013777 1.77670500 -0.09237150 1.00000000

-0.69149210 0.16628940 0.70298390 0.00000000
-0.68041860 0.17692220 -0.71114610 0.00000000
-0.24262960 -0.97007560 -0.00919369 0.00000000
0.03259703 1.61679000 -0.16235640 1.00000000

-0.08113129 0.97233210 0.21906350 0.00000000
-0.52056180 0.14609180 -0.84123260 0.00000000
-0.84996090 -0.18228660 0.49430640 0.00000000
0.14812050 1.58900900 -0.27979980 1.00000000

-0.48214970 0.68954930 0.54042050 0.00000000
-0.59657810 0.19332350 -0.77892250 0.00000000
-0.64158170 -0.69796060 0.31815920 0.00000000
0.14812070 1.58900800 -0.27980000 1.00000000

-0.66497810 0.50152540 0.55342230 0.00000000
0.63968880 -0.00000021 0.76863370 0.00000000
0.38548950 0.86514290 -0.32082020 0.00000000
-0.00714214 1.76754700 -0.15457000 1.00000000

0.35794850 0.93080200 -0.07403278 0.00000000
-0.62243940 0.17875960 -0.76198080 0.00000000
-0.69601910 0.31883070 0.64335430 0.00000000
-0.29677100 0.90159950 0.14558990 1.00000000

0.40056270 0.91108600 -0.09732583 0.00000000
-0.61909130 0.19080910 -0.76178640 0.00000000
-0.67548220 0.36539660 0.64047600 0.00000000
-0.37721540 0.69241390 0.16222790 1.00000000

-0.13772640 0.94256150 0.30431730 0.00000000
0.45202530 -0.21356880 0.86606100 0.00000000
0.88130840 0.25683860 -0.39664770 0.00000000
0.25120620 0.91144220 -0.22371970 1.00000000

-0.10217960 0.95443830 0.28036850 0.00000000
0.45420600 -0.20598580 0.86675640 0.00000000
0.88501760 0.21590990 -0.41246420 0.00000000
0.28215860 0.69961380 -0.29211100 1.00000000

-0.17021580 -0.98194340 -0.08254418 0.00000000
0.57933090 -0.16748110 0.79770020 0.00000000
-0.79712130 0.08796066 0.59737830 0.00000000
-0.05181870 1.48562800 -0.08552703 1.00000000

-0.03881429 0.98243870 0.18250350 0.00000000
0.99912580 0.04099659 -0.00819919 0.00000000
-0.01553696 0.18202590 -0.98317120 0.00000000
-0.00047086 1.40631900 -0.26772670 1.00000000

0.10322020 0.99003730 0.09576879 0.00000000
0.47671960 0.03526267 -0.87834780 0.00000000
-0.87297420 0.13631830 -0.46833010 0.00000000
-0.23479480 1.40502100 -0.13176120 1.00000000

0.11791600 0.99033130 0.07307467 0.00000000
0.47317850 0.00866184 -0.88092400 0.00000000
-0.87303940 0.13845250 -0.46758170 0.00000000
-0.26026030 1.16077300 -0.15538810 1.00000000

0.32455860 0.94442130 -0.05225259 0.00000000
-0.62429240 0.17238780 -0.76193270 0.00000000
-0.71057790 0.27991260 0.64554480 0.00000000
-0.10290360 1.45783200 0.11278860 1.00000000

-0.02307762 0.98822910 0.15123150 0.00000000
0.99961540 0.02513649 -0.01171687 0.00000000
-0.01538017 0.15090320 -0.98842890 0.00000000
0.00910486 1.16394600 -0.31275160 1.00000000

-0.01627176 0.99344230 0.11317280 0.00000000
0.99977350 0.01771909 -0.01179484 0.00000000
-0.01372266 0.11295550 -0.99350570 0.00000000
0.01537149 0.89559940 -0.35381710 1.00000000

-0.01330478 0.99190970 0.12624810 0.00000000
0.99985680 0.01452055 -0.00871521 0.00000000
-0.01047760 0.12611430 -0.99196050 0.00000000
0.01824274 0.72029250 -0.37378810 1.00000000

0.17939040 0.97872270 0.09960532 0.00000000
0.47639640 0.00216107 -0.87922820 0.00000000
-0.86073570 0.20517680 -0.46587190 0.00000000
-0.31898520 0.71800820 -0.18949750 1.00000000

0.00255568 0.68355750 -0.72989270 0.00000000
0.01255366 0.72981550 0.68352930 0.00000000
0.99991810 -0.01090962 -0.00671628 0.00000000
-0.00572948 1.82216500 -0.03603326 1.00000000

-0.18698530 0.92542510 0.32958260 0.00000000
0.45112100 -0.21714180 0.86564400 0.00000000
0.87265470 0.31054430 -0.37687640 0.00000000
0.14595410 1.45921200 -0.03160921 1.00000000

-0.17150650 0.93091930 0.32245090 0.00000000
0.45134180 -0.21668830 0.86564240 0.00000000
0.87571450 0.29399890 -0.38299940 0.00000000
0.19510120 1.21597400 -0.11823640 1.00000000

-0.00460410 0.21139740 -0.97738930 0.00000000
-0.01148294 -0.97734640 -0.21133380 0.00000000
-0.99992360 0.01025034 0.00692776 0.00000000
-0.03381065 1.78565400 0.01820465 1.00000000

-0.00459611 0.21139770 -0.97738930 0.00000000
0.01147899 0.97734630 0.21133420 0.00000000
0.99992370 -0.01024815 -0.00691894 0.00000000
0.02234979 1.78507800 0.01781590 1.00000000

0.33185860 0.94152710 -0.05828616 0.00000000
-0.62424890 0.17286440 -0.76186050 0.00000000
-0.70723650 0.28921480 0.64511350 0.00000000
-0.18821040 1.20960100 0.12652270 1.00000000

0.25591700 0.96575390 0.04273108 0.00000000
-0.51230900 0.17297800 -0.84120050 0.00000000
-0.81978450 0.19338580 0.53903250 0.00000000
-0.27173630 1.60627800 0.04191657 1.00000000

-0.08113129 0.97233210 0.21906350 0.00000000
-0.52056180 0.14609180 -0.84123260 0.00000000
-0.84996090 -0.18228660 0.49430640 0.00000000
0.14812050 1.58900900 -0.27979980 1.00000000

-0.03647307 0.94736440 0.31807330 0.00000000
0.79405250 -0.16577570 0.58480710 0.00000000
0.60675410 0.27389660 -0.74621050 0.00000000
0.23592290 0.59815300 -0.09999290 1.00000000

-0.06058092 0.99433370 0.08735144 0.00000000
0.77838870 -0.00772181 0.62773530 0.00000000
0.62485260 0.10602220 -0.77351020 0.00000000
0.25371370 0.13604980 -0.25514200 1.00000000

-0.79985400 0.01189034 -0.60007730 0.00000000
-0.05985513 0.99323980 0.09946266 0.00000000
0.59720270 0.11547330 -0.79373450 0.00000000
0.40954000 -0.00017059 -0.14793410 1.00000000

0.30130580 0.94802580 0.10228570 0.00000000
0.18225920 -0.16255290 0.96972100 0.00000000
0.93594690 -0.27353990 -0.22176450 0.00000000
-0.18533490 0.60037730 0.19299550 1.00000000

0.18770640 0.98213030 0.01367503 0.00000000
0.11132750 -0.03510581 0.99316380 0.00000000
0.97589580 -0.18490060 -0.11592750 0.00000000
-0.33230510 0.13795160 0.14310290 1.00000000

-0.13249510 0.04390436 -0.99021100 0.00000000
0.20472460 0.97868900 0.01600021 0.00000000
0.96981090 -0.20060050 -0.13865980 0.00000000
-0.33663110 -0.00180805 0.32959650 1.00000000

-0.25835640 -0.90881720 -0.32757110 0.00000000
0.52374350 -0.41669520 0.74300580 0.00000000
-0.81175420 0.02039699 0.58364330 0.00000000
-0.03768470 1.70364000 -0.09876656 1.00000000

0.01082829 0.10842850 -0.99404560 0.00000000
-0.02729294 -0.99370120 -0.10868800 0.00000000
-0.99956910 0.02830735 -0.00780046 0.00000000
-0.03427649 1.85429100 0.03271840 1.00000000

-0.00491846 0.10889090 -0.99404170 0.00000000
-0.00541607 0.99403610 0.10891690 0.00000000
0.99997330 0.00591940 -0.00429970 0.00000000
0.02441713 1.85368900 0.03231215 1.00000000

-0.23318940 0.97149340 -0.04271024 0.00000000
-0.47242930 -0.15156900 -0.86823760 0.00000000
-0.84996090 -0.18228650 0.49430640 0.00000000
0.17119720 1.31244300 -0.34210930 1.00000000

-0.32152950 0.93184070 -0.16820500 0.00000000
-0.94357860 -0.30044070 0.13927020 0.00000000
0.07924134 0.20349400 0.97586400 0.00000000
0.24139350 1.01999700 -0.32925220 1.00000000

0.12532970 0.66302470 -0.73803200 0.00000000
-0.22472690 -0.70559070 -0.67204150 0.00000000
-0.96632890 0.25008230 0.06056839 0.00000000
0.24042340 1.01751800 -0.28220850 1.00000000

0.23650030 0.95595230 -0.17385000 0.00000000
-0.10137650 -0.15367200 -0.98290760 0.00000000
-0.96632890 0.25008220 0.06056812 0.00000000
0.23212620 0.97362390 -0.23334840 1.00000000

0.21296900 0.95321090 -0.21455650 0.00000000
-0.96821950 0.23536300 0.08459368 0.00000000
0.13113390 0.18972190 0.97304120 0.00000000
0.27867080 0.92070200 -0.32736880 1.00000000

0.91177770 0.35957550 -0.19841390 0.00000000
-0.38844570 0.91190530 -0.13243800 0.00000000
0.13331280 0.19782680 0.97112910 0.00000000
0.26557820 0.86210220 -0.31417860 1.00000000

-0.13777830 0.95881400 -0.24838280 0.00000000
-0.98933120 -0.12123580 0.08078706 0.00000000
0.04734641 0.25686350 0.96528730 0.00000000
0.28357030 0.93907890 -0.26200340 1.00000000

0.71141750 0.66968320 -0.21309780 0.00000000
-0.70117360 0.69681180 -0.15102960 0.00000000
0.04734659 0.25686350 0.96528710 0.00000000
0.29261900 0.87610850 -0.24569060 1.00000000

0.07794411 0.97017710 -0.22952450 0.00000000
-0.56734410 -0.14614580 -0.81040860 0.00000000
-0.81978410 0.19338570 0.53903310 0.00000000
-0.34452810 1.33158400 0.02976231 1.00000000

0.00496476 0.93084110 -0.36539120 0.00000000
0.54259870 -0.30943520 -0.78092060 0.00000000
-0.83997760 -0.19438350 -0.50660900 0.00000000
-0.36799140 1.03953400 0.09885549 1.00000000

-0.70783440 0.67134510 -0.21969640 0.00000000
-0.50948820 -0.70064620 -0.49951670 0.00000000
-0.48927760 -0.24164280 0.83798400 0.00000000
-0.32551100 1.03657800 0.11902710 1.00000000

-0.24923210 0.95952000 0.13116850 0.00000000
-0.83575790 -0.14467460 -0.52969620 0.00000000
-0.48927750 -0.24164280 0.83798410 0.00000000
-0.27865010 0.99213310 0.13357170 1.00000000

-0.27504180 0.95704840 0.09171325 0.00000000
0.51149190 0.22643020 -0.82891880 0.00000000
-0.81408140 -0.18107650 -0.55179970 0.00000000
-0.38421530 0.94052970 0.13331710 1.00000000

-0.58088800 0.36443680 0.72784310 0.00000000
0.06378428 0.91180420 -0.40564210 0.00000000
-0.81148090 -0.18920740 -0.55290070 0.00000000
-0.36730680 0.88169410 0.12767890 1.00000000

-0.14846360 0.96008530 -0.23705670 0.00000000
0.51301220 -0.13016360 -0.84845540 0.00000000
-0.84544530 -0.24757750 -0.47321050 0.00000000
-0.32770990 0.95829270 0.16687250 1.00000000

-0.50116570 0.67395730 0.54278430 0.00000000
0.18454280 0.69605130 -0.69387120 0.00000000
-0.84544520 -0.24757730 -0.47321070 0.00000000
-0.31795930 0.89523860 0.18244140 1.00000000

-0.00460219 0.21139740 -0.97738970 0.00000000
0.01148495 0.97734650 0.21133350 0.00000000
0.99992380 -0.01025273 -0.00692618 0.00000000
-0.01253168 1.78859700 0.03221815 1.00000000

-0.00410816 0.21139270 -0.97739290 0.00000000
0.01196733 0.97734140 0.21133100 0.00000000
0.99992010 -0.01082866 -0.00654513 0.00000000
0.00132454 1.78845500 0.03212235 1.00000000

-0.00411061 0.21139200 -0.97739290 0.00000000
0.01197036 0.97734140 0.21133040 0.00000000
0.99992010 -0.01083107 -0.00654826 0.00000000
-0.00478203 1.85239700 0.05606570 1.00000000

-0.00459963 0.21139770 -0.97738930 0.00000000
0.01148224 0.97734630 0.21133410 0.00000000
0.99992360 -0.01025061 -0.00692296 0.00000000
-0.00480262 1.86234200 0.03836542 1.00000000

-0.00684497 0.00730553 -0.99995010 0.00000000
-0.01030169 -0.99992070 -0.00723460 0.00000000
-0.99992360 0.01025170 0.00692016 0.00000000
-0.03708425 1.85476700 0.02804176 1.00000000

0.00134248 0.62014090 -0.78448960 0.00000000
0.01259080 0.78441770 0.62010530 0.00000000
0.99992020 -0.01070979 -0.00675532 0.00000000
-0.03708425 1.85476700 0.02804176 1.00000000

-0.00426394 0.21139250 -0.97739220 0.00000000
0.01208313 0.97734090 0.21132840 0.00000000
0.99991810 -0.01090892 -0.00672200 0.00000000
-0.00580539 1.77859200 0.02346701 1.00000000

-0.00684875 0.00730355 -0.99995000 0.00000000
-0.01030117 -0.99992080 -0.00723259 0.00000000
-0.99992360 0.01025115 0.00692385 0.00000000
0.02717497 1.85410800 0.02759693 1.00000000

0.00092575 0.62014360 -0.78448770 0.00000000
0.01233557 0.78442120 0.62010550 0.00000000
0.99992360 -0.01025110 -0.00692406 0.00000000
0.02717497 1.85410800 0.02759693 1.00000000

0.15134040 0.98517010 0.08084694 0.00000000
0.47214650 -0.00018919 -0.88152020 0.00000000
-0.86843170 0.17158140 -0.46517280 0.00000000
-0.29227920 0.89185550 -0.17523090 1.00000000

1.00000000 0.00000000 0.00000000 0.00000000
0.00000000 1.00000000 0.00000000 0.00000000
0.00000000 0.00000000 1.00000000 0.00000000
0.00000000 0.00000000 0.00000000 1.00000000

0.16339240 -0.95811680 0.23519130 0.00000000
0.50027980 0.28593700 0.81728800 0.00000000
-0.85030750 -0.01587721 0.52604640 0.00000000
-0.00005323 1.05771300 -0.00029825 1.00000000

0.13651270 -0.96776360 0.21165430 0.00000000
0.46722970 0.25129680 0.84767080 0.00000000
-0.87353340 -0.01682671 0.48647310 0.00000000
-0.01598340 1.16828400 -0.02923034 1.00000000

0.08294042 -0.98738800 0.13485400 0.00000000
0.49266170 0.15825330 0.85570990 0.00000000
-0.86625920 -0.00453552 0.49957400 0.00000000
-0.03817020 1.32509900 -0.06364144 1.00000000

0.20449310 0.93472470 -0.29064070 0.00000000
0.28599600 0.22690720 0.93097740 0.00000000
0.93615640 -0.27350070 -0.22092670 0.00000000
-0.08537498 1.05612000 0.05248667 1.00000000

-0.31061210 0.94580760 0.09470153 0.00000000
0.73137230 0.17416900 0.65936270 0.00000000
0.60713640 0.27406820 -0.74583640 0.00000000
0.08526849 1.05930700 -0.05308311 1.00000000

-0.01014245 -0.97783310 -0.20913980 0.00000000
0.00583819 -0.20920500 0.97785420 0.00000000
-0.99993150 0.00869690 0.00783089 0.00000000
-0.00506933 1.81447700 -0.05717954 1.00000000

0.85075850 0.17473410 -0.49565940 0.00000000
-0.52154540 0.16439100 -0.83723710 0.00000000
-0.06481190 0.97079550 0.23098850 0.00000000
-0.12886490 1.63420300 -0.04026891 1.00000000

0.25612680 0.96568180 0.04310629 0.00000000
-0.51117480 0.17315740 -0.84185310 0.00000000
-0.82042660 0.19358610 0.53798240 0.00000000
-0.27099620 1.60501200 0.04253795 1.00000000

0.66999920 0.69009220 -0.27363230 0.00000000
-0.51535730 0.16706760 -0.84053300 0.00000000
-0.53433020 0.70417480 0.46757900 0.00000000
-0.27099600 1.60501200 0.04253783 1.00000000

0.73661040 0.42948900 -0.52244030 0.00000000
-0.57851430 -0.00000057 -0.81567180 0.00000000
-0.35032250 0.90307190 0.24846500 0.00000000
-0.08929002 1.77633300 -0.09126513 1.00000000

-0.69258140 0.16842900 0.70140030 0.00000000
-0.67773820 0.18099410 -0.71267900 0.00000000
-0.24698510 -0.96895430 -0.01120234 0.00000000
0.03291026 1.61637900 -0.16209180 1.00000000

-0.07952076 0.97241220 0.21929550 0.00000000
-0.52492740 0.14616990 -0.83850190 0.00000000
-0.84742410 -0.18179240 0.49882230 0.00000000
0.14861570 1.58824000 -0.27927060 1.00000000

-0.48055880 0.69056900 0.54053470 0.00000000
-0.59681880 0.19408180 -0.77854950 0.00000000
-0.64255010 -0.69674000 0.31887700 0.00000000
0.14861580 1.58824000 -0.27927070 1.00000000

-0.66409390 0.50233250 0.55375200 0.00000000
0.64041650 -0.00000042 0.76802740 0.00000000
0.38580550 0.86467440 -0.32170180 0.00000000
-0.00643657 1.76720400 -0.15365720 1.00000000

0.34896760 0.93453120 -0.06980833 0.00000000
-0.62258120 0.17551440 -0.76261860 0.00000000
-0.70043820 0.30959050 0.64306990 0.00000000
-0.29684260 0.90058570 0.14489490 1.00000000

0.39102930 0.91570430 -0.09263796 0.00000000
-0.61949010 0.18741950 -0.76230290 0.00000000
-0.68068190 0.35547100 0.64055600 0.00000000
-0.37526860 0.69056200 0.16058350 1.00000000

-0.13832790 0.94165890 0.30682940 0.00000000
0.45091660 -0.21595360 0.86604700 0.00000000
0.88178190 0.25815310 -0.39473730 0.00000000
0.25403050 0.91162260 -0.22488540 1.00000000

-0.09635402 0.95534870 0.27932950 0.00000000
0.45306130 -0.20778190 0.86692630 0.00000000
0.88625690 0.21008530 -0.41281100 0.00000000
0.28511790 0.69999710 -0.29384120 1.00000000

-0.17282960 -0.98119500 -0.08594164 0.00000000
0.58043320 -0.17195460 0.79594480 0.00000000
-0.79575540 0.08767949 0.59923710 0.00000000
-0.05168639 1.48513700 -0.08559854 1.00000000

-0.03839545 0.98118890 0.18919360 0.00000000
0.99914950 0.04054429 -0.00749981 0.00000000
-0.01502928 0.18874490 -0.98191070 0.00000000
0.00001579 1.40615800 -0.26784210 1.00000000

0.10642790 0.98952520 0.09753451 0.00000000
0.47708880 0.03524341 -0.87814820 0.00000000
-0.87238690 0.13999220 -0.46834020 0.00000000
-0.23466860 1.40493100 -0.13249920 1.00000000

0.11475750 0.99116580 0.06649256 0.00000000
0.47294150 0.00435041 -0.88108310 0.00000000
-0.87358830 0.13255820 -0.46826390 0.00000000
-0.26092540 1.16080900 -0.15656170 1.00000000

0.32615010 0.94391110 -0.05155528 0.00000000
-0.62273200 0.17350150 -0.76295570 0.00000000
-0.71121760 0.28094320 0.64439110 0.00000000
-0.10333970 1.45697400 0.11251740 1.00000000

-0.02289982 0.98864240 0.14853420 0.00000000
0.99962740 0.02484888 -0.01128015 0.00000000
-0.01484272 0.14822070 -0.98884260 0.00000000
0.00948816 1.16409400 -0.31451750 1.00000000

-0.01821642 0.99375390 0.11009780 0.00000000
0.99974550 0.01956788 -0.01120818 0.00000000
-0.01329234 0.10986570 -0.99385710 0.00000000
0.01570649 0.89563500 -0.35485060 1.00000000

-0.01710276 0.99285020 0.11813690 0.00000000
0.99980690 0.01812582 -0.00759161 0.00000000
-0.00967842 0.11798430 -0.99296800 0.00000000
0.01892088 0.72027330 -0.37427890 1.00000000

0.17029810 0.98053210 0.09775516 0.00000000
0.47727130 0.00471522 -0.87874350 0.00000000
-0.86209650 0.19630420 -0.46717640 0.00000000
-0.31741860 0.71758540 -0.18855650 1.00000000

0.00080545 0.68192850 -0.73141860 0.00000000
0.01203957 0.73135940 0.68188610 0.00000000
0.99992730 -0.00935517 -0.00762153 0.00000000
-0.00483279 1.82144100 -0.03469084 1.00000000

-0.19288880 0.92346530 0.33167140 0.00000000
0.44922880 -0.21740160 0.86656170 0.00000000
0.87234590 0.31614650 -0.37291300 0.00000000
0.14590080 1.45827900 -0.03121928 1.00000000

-0.17555980 0.92909110 0.32552810 0.00000000
0.44994900 -0.21838090 0.86594150 0.00000000
0.87562820 0.29849580 -0.37970490 0.00000000
0.19659950 1.21555600 -0.11839540 1.00000000

-0.00584236 0.20920590 -0.97785390 0.00000000
-0.01014255 -0.97783290 -0.20914060 0.00000000
-0.99993150 0.00869617 0.00783491 0.00000000
-0.03280630 1.78500800 0.01965448 1.00000000

-0.00583422 0.20920620 -0.97785400 0.00000000
0.01013862 0.97783280 0.20914100 0.00000000
0.99993150 -0.00869401 -0.00782621 0.00000000
0.02335456 1.78451900 0.01921473 1.00000000

0.32946530 0.94241190 -0.05755132 0.00000000
-0.62375660 0.17149530 -0.76257220 0.00000000
-0.70878740 0.28713910 0.64433720 0.00000000
-0.18906480 1.20887700 0.12606820 1.00000000

0.25612680 0.96568180 0.04310629 0.00000000
-0.51117480 0.17315740 -0.84185310 0.00000000
-0.82042660 0.19358610 0.53798240 0.00000000
-0.27099620 1.60501200 0.04253795 1.00000000

-0.07952076 0.97241220 0.21929550 0.00000000
-0.52492740 0.14616990 -0.83850190 0.00000000
-0.84742410 -0.18179240 0.49882230 0.00000000
0.14861570 1.58824000 -0.27927060 1.00000000

-0.03483948 0.94691320 0.31959610 0.00000000
0.79383320 -0.16805420 0.58445370 0.00000000
0.60713660 0.27406810 -0.74583630 0.00000000
0.23677810 0.59796290 -0.09927638 1.00000000

-0.06041081 0.99434630 0.08732989 0.00000000
0.77824010 -0.00786656 0.62791740 0.00000000
0.62505430 0.10589660 -0.77336470 0.00000000
0.25377190 0.13607970 -0.25516820 1.00000000

-0.79971110 0.01203939 -0.60026440 0.00000000
-0.05968797 0.99325180 0.09944133 0.00000000
0.59741090 0.11535280 -0.79359550 0.00000000
0.40954700 -0.00016975 -0.14792290 1.00000000

0.30160620 0.94764760 0.10486900 0.00000000
0.18067900 -0.16480680 0.96963560 0.00000000
0.93615630 -0.27350060 -0.22092690 0.00000000
-0.18512210 0.60018200 0.19425480 1.00000000

0.18789270 0.98209380 0.01370981 0.00000000
0.11109120 -0.03511868 0.99318930 0.00000000
0.97588690 -0.18509020 -0.11570060 0.00000000
-0.33223900 0.13794060 0.14310200 1.00000000

-0.13215070 0.04394671 -0.99025490 0.00000000
0.20500970 0.97862800 0.01607180 0.00000000
0.96979780 -0.20088810 -0.13833600 0.00000000
-0.33663510 -0.00181663 0.32959590 1.00000000

-0.26026320 -0.90640810 -0.33269630 0.00000000
0.52430990 -0.42201650 0.73959480 0.00000000
-0.81077860 0.01805343 0.58507440 0.00000000
-0.03703224 1.70316200 -0.09803794 1.00000000

0.00973657 0.10622440 -0.99429460 0.00000000
-0.02583161 -0.99398310 -0.10644380 0.00000000
-0.99961870 0.02672073 -0.00693372 0.00000000
-0.03336659 1.85367600 0.03401539 1.00000000

-0.00601107 0.10666220 -0.99427710 0.00000000
-0.00687753 0.99426720 0.10670250 0.00000000
0.99995820 0.00747952 -0.00524336 0.00000000
0.02532748 1.85316600 0.03355584 1.00000000

-0.23071520 0.97229430 -0.03760403 0.00000000
-0.47816590 -0.14695220 -0.86588800 0.00000000
-0.84742430 -0.18179240 0.49882220 0.00000000
0.17123430 1.31165200 -0.34164610 1.00000000

-0.31993380 0.93336490 -0.16270310 0.00000000
-0.94354770 -0.29833560 0.14392270 0.00000000
0.08579198 0.19956370 0.97612180 0.00000000
0.24068590 1.01896400 -0.33032630 1.00000000

0.12266740 0.66547100 -0.73627500 0.00000000
-0.23082330 -0.70240310 -0.67331270 0.00000000
-0.96523240 0.25254330 0.06744453 0.00000000
0.23999710 1.01631000 -0.28328700 1.00000000

0.23811640 0.95594230 -0.17168240 0.00000000
-0.10782970 -0.14965370 -0.98284090 0.00000000
-0.96523250 0.25254310 0.06744424 0.00000000
0.23187610 0.97225360 -0.23454320 1.00000000

0.21185110 0.95409380 -0.21171720 0.00000000
-0.96754990 0.23528400 0.09213459 0.00000000
0.13771860 0.18532790 0.97297830 0.00000000
0.27769470 0.91955940 -0.32904710 1.00000000

0.90952700 0.36257420 -0.20322530 0.00000000
-0.39140560 0.91165670 -0.12523380 0.00000000
0.13986480 0.19344680 0.97108990 0.00000000
0.26467090 0.86090530 -0.31603150 1.00000000

-0.13919600 0.95983240 -0.24361020 0.00000000
-0.98879030 -0.12129740 0.08706677 0.00000000
0.05402011 0.25299860 0.96595730 0.00000000
0.28304630 0.93767430 -0.26364400 1.00000000

0.70829020 0.67217150 -0.21566220 0.00000000
-0.70385150 0.69582830 -0.14288570 0.00000000
0.05402017 0.25299860 0.96595750 0.00000000
0.29218800 0.87463670 -0.24764470 1.00000000

0.07831232 0.97011610 -0.22965750 0.00000000
-0.56636350 -0.14628640 -0.81106880 0.00000000
-0.82042670 0.19358610 0.53798210 0.00000000
-0.34384760 1.33033800 0.03027695 1.00000000

0.00549603 0.93075450 -0.36560420 0.00000000
0.54352790 -0.30966810 -0.78018170 0.00000000
-0.83937350 -0.19442820 -0.50759230 0.00000000
-0.36742170 1.03830600 0.09941012 1.00000000

-0.70750470 0.67135630 -0.22072200 0.00000000
-0.50893830 -0.70071820 -0.49997550 0.00000000
-0.49032610 -0.24140130 0.83744040 0.00000000
-0.32496640 1.03535200 0.11963450 1.00000000

-0.24930690 0.95957270 0.13063660 0.00000000
-0.83512090 -0.14472500 -0.53068580 0.00000000
-0.49032580 -0.24140120 0.83744050 0.00000000
-0.27812730 0.99090570 0.13424700 1.00000000

-0.27504590 0.95710340 0.09112261 0.00000000
0.51253930 0.22615420 -0.82834670 0.00000000
-0.81342100 -0.18112940 -0.55275520 0.00000000
-0.38369670 0.93931170 0.13387520 1.00000000

-0.58186920 0.36304190 0.72775610 0.00000000
0.06334323 0.91235040 -0.40448150 0.00000000
-0.81081210 -0.18925690 -0.55386430 0.00000000
-0.36678800 0.88047270 0.12827330 1.00000000

-0.14806690 0.96003760 -0.23749530 0.00000000
0.51404580 -0.13044480 -0.84778600 0.00000000
-0.84488670 -0.24761260 -0.47418860 0.00000000
-0.32723080 0.95707760 0.16749570 1.00000000

-0.50209750 0.67289590 0.54323940 0.00000000
0.18456670 0.69706460 -0.69284640 0.00000000
-0.84488680 -0.24761260 -0.47418850 0.00000000
-0.31750640 0.89402650 0.18309320 1.00000000

-0.00584033 0.20920600 -0.97785420 0.00000000
0.01014455 0.97783320 0.20914040 0.00000000
0.99993170 -0.00869849 -0.00783357 0.00000000
-0.01151900 1.78801500 0.03364153 1.00000000

-0.00534558 0.20920200 -0.97785790 0.00000000
0.01062697 0.97782870 0.20913740 0.00000000
0.99992910 -0.00927375 -0.00745052 0.00000000
0.00233732 1.78789500 0.03353313 1.00000000

-0.00534850 0.20920130 -0.97785790 0.00000000
0.01062991 0.97782870 0.20913660 0.00000000
0.99992910 -0.00927608 -0.00745386 0.00000000
-0.00384754 1.85188100 0.05733943 1.00000000

-0.00583774 0.20920620 -0.97785390 0.00000000
0.01014186 0.97783270 0.20914100 0.00000000
0.99993160 -0.00869642 -0.00783029 0.00000000
-0.00390018 1.86178600 0.03961700 1.00000000

-0.00778306 0.00506085 -0.99995680 0.00000000
-0.00873667 -0.99994950 -0.00499275 0.00000000
-0.99993160 0.00869745 0.00782734 0.00000000
-0.03617937 1.85413700 0.02934035 1.00000000

-0.00035915 0.61838820 -0.78587290 0.00000000
0.01193222 0.78581990 0.61834050 0.00000000
0.99992890 -0.00915527 -0.00766125 0.00000000
-0.03617937 1.85413700 0.02934035 1.00000000

-0.00550133 0.20920160 -0.97785710 0.00000000
0.01074263 0.97782800 0.20913470 0.00000000
0.99992720 -0.00935432 -0.00762707 0.00000000
-0.00478514 1.77800200 0.02490665 1.00000000

-0.00778693 0.00505890 -0.99995680 0.00000000
-0.00873610 -0.99994950 -0.00499071 0.00000000
-0.99993160 0.00869693 0.00783122 0.00000000
0.02808033 1.85357900 0.02883723 1.00000000

-0.00077614 0.61839030 -0.78587070 0.00000000
0.01167721 0.78582300 0.61834110 0.00000000
0.99993140 -0.00869688 -0.00783137 0.00000000
0.02808033 1.85357900 0.02883723 1.00000000

0.14355380 0.98648520 0.07899201 0.00000000
0.47282670 0.00175178 -0.88115380 0.00000000
-0.86938310 0.16384260 -0.46618460 0.00000000
-0.29208670 0.89166470 -0.17461720 1.00000000

1.00000000 0.00000000 0.00000000 0.00000000
0.00000000 1.00000000 0.00000000 0.00000000
0.00000000 0.00000000 1.00000000 0.00000000
0.00000000 0.00000000 0.00000000 1.00000000

0.16519410 -0.95731570 0.23718810 0.00000000
0.49921750 0.28857090 0.81701240 0.00000000
-0.85058400 -0.01655718 0.52557860 0.00000000
-0.00036101 1.05708000 -0.00038675 1.00000000

0.13671710 -0.96740660 0.21315120 0.00000000
0.46609580 0.25268640 0.84788250 0.00000000
-0.87410730 -0.01657114 0.48545040 0.00000000
-0.01633626 1.16755600 -0.02965576 1.00000000

0.08043175 -0.98777440 0.13353940 0.00000000
0.49034160 0.15585210 0.85748230 0.00000000
-0.86781120 -0.00348891 0.49688200 0.00000000
-0.03855590 1.32431300 -0.06430968 1.00000000

0.20344800 0.93375000 -0.29448280 0.00000000
0.28519210 0.23121360 0.93016450 0.00000000
0.93662950 -0.27322420 -0.21925810 0.00000000
-0.08571053 1.05541800 0.05235123 1.00000000

-0.31316230 0.94516500 0.09269856 0.00000000
0.72963300 0.17696600 0.66054460 0.00000000
0.60791910 0.27449360 -0.74504230 0.00000000
0.08498847 1.05874100 -0.05312465 1.00000000

-0.00831547 -0.97863300 -0.20544700 0.00000000
0.00659019 -0.20550320 0.97863440 0.00000000
-0.99994370 0.00678383 0.00815803 0.00000000
-0.00418114 1.81342400 -0.05602421 1.00000000

0.85063650 0.18106000 -0.49359380 0.00000000
