MeshAnim
1
35
79
30
0.54357840 0.01686242 -0.83918910 0.00000000
-0.00670477 0.99985350 0.01574779 0.00000000
0.83933160 -0.00293359 0.54361180 0.00000000
0.00000000 0.85533960 0.01297015 1.00000000

0.94970310 0.25868360 0.17648480 0.00000000
0.30115420 -0.90896240 -0.28825970 0.00000000
0.08584997 0.32691020 -0.94114800 0.00000000
0.06773052 0.82651880 -0.10165650 1.00000000

0.94970310 0.25868360 0.17648480 0.00000000
0.19827630 -0.93294470 0.30050100 0.00000000
0.24238510 -0.25039400 -0.93731120 0.00000000
0.20034500 0.42625340 -0.22859290 1.00000000

0.99132820 0.06231819 -0.11569320 0.00000000
0.06203496 -0.99805570 -0.00605075 0.00000000
-0.11584530 -0.00117874 -0.99326670 0.00000000
0.26358760 0.12867970 -0.13274450 1.00000000

0.99116870 0.06228919 -0.11706690 0.00000000
0.06660175 -0.99722430 0.03329104 0.00000000
-0.11466830 -0.04079388 -0.99256600 0.00000000
0.25417800 0.02453059 -0.26947160 1.00000000

0.54395290 -0.26823350 -0.79508870 0.00000000
0.34934800 0.93390080 -0.07606021 0.00000000
0.76293580 -0.23638950 0.60170500 0.00000000
-0.07634407 0.82204900 0.12076910 1.00000000

0.54395000 -0.26824140 -0.79508810 0.00000000
-0.19547480 0.88095320 -0.43094180 0.00000000
0.81603180 0.38983060 0.42676000 0.00000000
-0.23018070 0.41080250 0.15426250 1.00000000

0.44429870 -0.10249550 -0.88999630 0.00000000
0.05992621 0.99460900 -0.08462716 0.00000000
0.89387220 -0.01573431 0.44804570 0.00000000
-0.16783180 0.12981170 0.29171680 1.00000000

0.43528000 -0.10270190 -0.89441800 0.00000000
-0.03788704 0.99050230 -0.13217300 0.00000000
0.89949750 0.09141907 0.42725480 0.00000000
-0.29655300 0.02833927 0.23914290 1.00000000

0.55469830 0.02354578 -0.83171840 0.00000000
-0.01680209 0.99971260 0.01709583 0.00000000
0.83188190 0.00449158 0.55493460 0.00000000
0.00166097 0.99171610 0.01678634 1.00000000

0.57899800 -0.00453269 -0.81531650 0.00000000
-0.10462140 0.99130460 -0.07980809 0.00000000
0.80858880 0.13150820 0.57348920 0.00000000
-0.00123788 1.16419600 0.01973587 1.00000000

0.60774800 -0.02344477 -0.79378370 0.00000000
-0.39446390 0.85861750 -0.32737480 0.00000000
0.68923180 0.51208040 0.51257500 0.00000000
-0.01204698 1.35161000 0.01101786 1.00000000

-0.23707940 0.85898690 -0.45380050 0.00000000
0.53084700 -0.27667070 -0.80103350 0.00000000
-0.81363060 -0.43080720 -0.39039770 0.00000000
-0.00512693 1.43773400 -0.06596408 1.00000000

0.09717911 0.58123860 -0.80790970 0.00000000
-0.19625590 -0.78462220 -0.58809150 0.00000000
-0.97572540 0.21570720 0.03782254 0.00000000
0.11372940 1.37578700 -0.24531500 1.00000000

0.07796535 0.54257210 -0.83638320 0.00000000
-0.95200400 -0.20855730 -0.22403680 0.00000000
-0.29598980 0.81370700 0.50027070 0.00000000
0.05505598 1.14121400 -0.42113380 1.00000000

0.10388150 0.70922120 -0.69729030 0.00000000
-0.99365620 0.04364075 -0.10364620 0.00000000
-0.04307780 0.70363370 0.70925560 0.00000000
-0.18406280 1.08883000 -0.47740600 1.00000000

0.06893232 -0.69533400 0.71537330 0.00000000
-0.12962050 0.70475790 0.69750620 0.00000000
-0.98916470 -0.14080790 -0.04154909 0.00000000
-0.31450030 1.15200300 -0.35471700 1.00000000

-0.81632450 0.46022780 -0.34900480 0.00000000
-0.56870690 -0.53485830 0.62489940 0.00000000
0.10092810 0.70860210 0.69835260 0.00000000
-0.32251850 1.13993900 -0.43936420 1.00000000

-0.86019110 -0.29145210 0.41848150 0.00000000
0.50058280 -0.63928990 0.58371680 0.00000000
0.09740543 0.71159260 0.69580760 0.00000000
-0.35377810 1.11054000 -0.40501590 1.00000000

-0.78752120 0.47558520 -0.39195540 0.00000000
-0.60370860 -0.46748070 0.64575340 0.00000000
0.12387920 0.74517140 0.65526600 0.00000000
-0.32216670 1.10974800 -0.47246290 1.00000000

-0.82179780 -0.29202730 0.48925300 0.00000000
0.55651320 -0.59559830 0.57927170 0.00000000
0.12223510 0.74832000 0.65197830 0.00000000
-0.35577660 1.08271100 -0.43530540 1.00000000

-0.83167510 0.34850950 -0.43227030 0.00000000
-0.55509380 -0.50264890 0.66273300 0.00000000
0.01368859 0.79112890 0.61149620 0.00000000
-0.32023080 1.07642100 -0.49949840 1.00000000

-0.87441280 -0.28715360 0.39108180 0.00000000
0.48498930 -0.54005340 0.68784260 0.00000000
0.01368859 0.79112890 0.61149620 0.00000000
-0.35024180 1.04924500 -0.46366760 1.00000000

-0.77077960 0.38877380 -0.50473120 0.00000000
-0.62632850 -0.31731850 0.71205450 0.00000000
0.11666770 0.86496450 0.48808280 0.00000000
-0.31732280 1.04810800 -0.52097410 1.00000000

-0.90100460 -0.11468830 0.41837480 0.00000000
0.41866490 -0.48248980 0.76936570 0.00000000
0.11362440 0.86836060 0.48274140 0.00000000
-0.34784100 1.03204400 -0.48515830 1.00000000

0.85831480 0.17390750 0.48275490 0.00000000
-0.28894140 -0.61367120 0.73479310 0.00000000
0.42403860 -0.77017150 -0.47647380 0.00000000
-0.25276620 1.12732400 -0.40397360 1.00000000

-0.04691818 -0.50997420 0.85890950 0.00000000
-0.98958860 -0.09339347 -0.10950890 0.00000000
0.13606310 -0.85510480 -0.50028290 0.00000000
-0.26848160 1.09108600 -0.35938510 1.00000000

0.04369137 0.63185360 -0.77385540 0.00000000
-0.95200400 -0.20855730 -0.22403680 0.00000000
-0.30295150 0.74650180 0.59241500 0.00000000
-0.05407998 1.11730500 -0.44681700 1.00000000

-0.57355770 0.57830870 -0.58016430 0.00000000
-0.19625590 -0.78462220 -0.58809150 0.00000000
-0.79530820 -0.22344380 0.56352270 0.00000000
0.11372940 1.37578700 -0.24531500 1.00000000

-0.36653540 0.61497990 -0.69817750 0.00000000
-0.19625590 -0.78462220 -0.58809150 0.00000000
-0.90946990 -0.07853489 0.40828510 0.00000000
0.07644072 1.22670900 -0.35705230 1.00000000

0.02322361 0.36208670 -0.93185520 0.00000000
0.54244970 -0.78752740 -0.29248720 0.00000000
-0.83976720 -0.49869190 -0.21470290 0.00000000
0.11073900 1.40916800 -0.30350520 1.00000000

-0.30561000 0.35124450 0.88500280 0.00000000
-0.40715800 0.79199690 -0.45493210 0.00000000
-0.86071190 -0.49936780 -0.09903017 0.00000000
-0.08426900 1.50599600 -0.04883765 1.00000000

0.99681810 0.00384956 -0.07961783 0.00000000
-0.02472487 0.96450010 -0.26292230 0.00000000
0.07577935 0.26405430 0.96152650 0.00000000
-0.13363220 1.60201600 -0.10399290 1.00000000

0.99681810 0.00384956 -0.07961783 0.00000000
-0.02472487 0.96450010 -0.26292230 0.00000000
0.07577935 0.26405430 0.96152650 0.00000000
-0.14401390 1.62347200 -0.23293390 1.00000000

0.95216020 -0.30547060 0.00884721 0.00000000
-0.28280100 -0.86978730 0.40434390 0.00000000
-0.11582000 -0.38750230 -0.91456470 0.00000000
-0.09011288 1.62050000 -0.21275250 1.00000000

0.95838080 0.24690360 -0.14333600 0.00000000
-0.28181310 0.89850870 -0.33654620 0.00000000
0.04569429 0.36293330 0.93069410 0.00000000
-0.19516200 1.61821700 -0.20289490 1.00000000

0.99681810 0.00384962 -0.07961792 0.00000000
0.02472487 -0.96450010 0.26292230 0.00000000
-0.07577944 -0.26405430 -0.96152650 0.00000000
-0.10480190 1.63999500 -0.20780780 1.00000000

0.99681810 0.00384956 -0.07961783 0.00000000
-0.02472487 0.96450010 -0.26292230 0.00000000
0.07577935 0.26405430 0.96152650 0.00000000
-0.17886590 1.63970800 -0.20189190 1.00000000

0.97195610 0.13940210 -0.18939050 0.00000000
0.18452210 -0.95135750 0.24671920 0.00000000
-0.14578490 -0.27474700 -0.95040050 0.00000000
-0.12723150 1.63655700 -0.24465290 1.00000000

0.98699770 0.11722020 -0.10997780 0.00000000
-0.14175030 0.95735820 -0.25173800 0.00000000
0.07577935 0.26405430 0.96152650 0.00000000
-0.15910940 1.63790500 -0.24360790 1.00000000

0.99677930 0.02287994 0.07686001 0.00000000
0.01856889 -0.99823890 0.05634213 0.00000000
0.07801372 -0.05473354 -0.99544890 0.00000000
-0.07649132 1.65727400 -0.23403610 1.00000000

0.98429110 -0.00801566 -0.17637150 0.00000000
-0.01601473 0.99079700 -0.13440440 0.00000000
0.17582560 0.13511760 0.97510450 0.00000000
-0.21125330 1.65769400 -0.22462710 1.00000000

0.98765510 0.11270500 -0.10878960 0.00000000
0.13725710 -0.95733280 0.25431170 0.00000000
-0.07548568 -0.26610450 -0.96098420 0.00000000
-0.10481520 1.64021000 -0.20796440 1.00000000

0.99323740 -0.10505500 -0.04942825 0.00000000
0.08484188 0.94737120 -0.30869040 0.00000000
0.07925633 0.30240920 0.94987760 0.00000000
-0.17886830 1.63970000 -0.20192230 1.00000000

0.99618240 0.06896880 -0.05351654 0.00000000
-0.07981287 0.96790690 -0.23829860 0.00000000
0.03536385 0.24166020 0.96971640 0.00000000
-0.13687180 1.60810900 -0.14425800 1.00000000

0.95204140 0.30417940 -0.03304762 0.00000000
0.30593910 -0.94789740 0.08883580 0.00000000
-0.00430381 -0.09468597 -0.99549810 0.00000000
-0.11408940 1.55650900 -0.23670760 1.00000000

0.99600850 0.07104841 -0.05402839 0.00000000
-0.07697535 0.99014790 -0.11697040 0.00000000
0.04518557 0.12066240 0.99166480 0.00000000
-0.14055280 1.57122300 -0.24432860 1.00000000

0.97479500 -0.17658430 -0.13635580 0.00000000
0.16148600 0.98016440 -0.11489080 0.00000000
0.15393900 0.08997548 0.98397530 0.00000000
-0.16805170 1.55462600 -0.23100270 1.00000000

0.99574630 -0.09044319 -0.01758432 0.00000000
-0.07891422 -0.93568020 0.34391190 0.00000000
-0.04755789 -0.34106140 -0.93883750 0.00000000
-0.08853438 1.56346200 -0.20881900 1.00000000

0.96672400 0.20677600 -0.15062760 0.00000000
-0.24506970 0.91745050 -0.31340890 0.00000000
0.07338783 0.33989410 0.93759610 0.00000000
-0.19706170 1.55844300 -0.19705960 1.00000000

0.99918070 0.04042499 0.00198457 0.00000000
0.03532740 -0.89501360 0.44463770 0.00000000
0.01975054 -0.44420330 -0.89570850 0.00000000
-0.11607030 1.57945400 -0.23051760 1.00000000

0.99564000 0.03260142 -0.08739802 0.00000000
-0.06781705 0.89629850 -0.43823500 0.00000000
0.06404763 0.44225140 0.89460170 0.00000000
-0.14241050 1.58135700 -0.23422860 1.00000000

0.98259150 0.04941378 -0.17908700 0.00000000
-0.12992050 0.87182250 -0.47227760 0.00000000
0.13279500 0.48732310 0.86306550 0.00000000
-0.16946640 1.57989600 -0.22519710 1.00000000

0.99680790 0.00424473 -0.07972565 0.00000000
0.03485042 -0.92155930 0.38667040 0.00000000
-0.07183069 -0.38821460 -0.91876550 0.00000000
-0.12478170 1.60594600 -0.23185690 1.00000000

0.99680790 0.00424473 -0.07972565 0.00000000
-0.03485042 0.92155930 -0.38667030 0.00000000
0.07183066 0.38821450 0.91876550 0.00000000
-0.14490570 1.59693100 -0.24538450 1.00000000

0.99680790 0.00424473 -0.07972565 0.00000000
-0.03485042 0.92155930 -0.38667030 0.00000000
0.07183066 0.38821450 0.91876550 0.00000000
-0.16275590 1.60559300 -0.22876750 1.00000000

0.99681810 0.00384956 -0.07961783 0.00000000
-0.02469353 0.96460940 -0.26252410 0.00000000
0.07578942 0.26365480 0.96163520 0.00000000
-0.13847550 1.69190400 -0.16028350 1.00000000

0.33323190 -0.90262570 0.27243940 0.00000000
0.49741150 -0.07716917 -0.86407560 0.00000000
0.80096090 0.42345200 0.42326120 0.00000000
-0.08205758 1.44069800 0.03452054 1.00000000

-0.19743990 -0.78915020 -0.58160060 0.00000000
0.81738450 0.19500910 -0.54208300 0.00000000
0.54120240 -0.58242010 0.60653670 0.00000000
-0.19342950 1.45798300 0.22798130 1.00000000

-0.10371930 -0.77691270 -0.62100630 0.00000000
0.03931174 -0.62708810 0.77795580 0.00000000
-0.99382940 0.05627605 0.09558284 0.00000000
-0.43780220 1.39968000 0.39004540 1.00000000

0.98834110 0.14839640 0.03406236 0.00000000
0.09111148 -0.75568490 0.64856690 0.00000000
0.12198530 -0.63790180 -0.76039520 0.00000000
-0.44767700 1.55718900 0.19464400 1.00000000

-0.98914740 -0.01491867 -0.14616720 0.00000000
0.12198530 -0.63790180 -0.76039520 0.00000000
-0.08189638 -0.76997320 0.63279900 0.00000000
-0.40974100 1.68473900 0.15290720 1.00000000

0.65087010 -0.58906810 0.47892280 0.00000000
-0.75874190 -0.52637400 0.38372000 0.00000000
0.02605519 -0.61313060 -0.78955170 0.00000000
-0.46385450 1.70450800 0.15908270 1.00000000

-0.40016290 -0.72946970 0.55474650 0.00000000
-0.91594310 0.29833280 -0.26841400 0.00000000
0.03030083 -0.61552530 -0.78753440 0.00000000
-0.42214920 1.73344100 0.13799080 1.00000000

0.67658910 -0.55214480 0.48719980 0.00000000
-0.73203300 -0.57597270 0.36384520 0.00000000
0.07971850 -0.60282000 -0.79388490 0.00000000
-0.46024300 1.67705200 0.12386540 1.00000000

-0.56901530 -0.68236680 0.45890890 0.00000000
-0.81798620 0.41241030 -0.40101950 0.00000000
0.08438355 -0.60356720 -0.79283430 0.00000000
-0.41792990 1.70933500 0.10364830 1.00000000

0.60705270 -0.54018380 0.58282820 0.00000000
-0.78439380 -0.52484270 0.33055520 0.00000000
0.12733270 -0.65783100 -0.74232390 0.00000000
-0.45044960 1.65005300 0.09191940 1.00000000

-0.57662560 -0.65804320 0.48423360 0.00000000
-0.80702510 0.36638420 -0.46311260 0.00000000
0.12733270 -0.65783100 -0.74232390 0.00000000
-0.40804170 1.67842900 0.07404808 1.00000000

0.51569390 -0.53888240 0.66608220 0.00000000
-0.81975670 -0.53638830 0.20071610 0.00000000
0.24911630 -0.64953330 -0.71836470 0.00000000
-0.44122650 1.62682600 0.06648908 1.00000000

-0.62941370 -0.67282920 0.38876670 0.00000000
-0.73409840 0.35077650 -0.58142550 0.00000000
0.25482960 -0.65135000 -0.71470620 0.00000000
-0.40006680 1.65307800 0.05706233 1.00000000

0.03879875 -0.02626982 -0.99890180 0.00000000
-0.94442450 -0.32752840 -0.02806917 0.00000000
-0.32643140 0.94447620 -0.03751761 0.00000000
-0.43306760 1.65827400 0.21997470 1.00000000

-0.81611760 -0.27225180 -0.50973640 0.00000000
-0.51550630 -0.05564766 0.85507720 0.00000000
-0.26116200 0.96061580 -0.09493251 0.00000000
-0.37690170 1.67782100 0.22337880 1.00000000

0.75353770 -0.49270190 -0.43523080 0.00000000
0.03931174 -0.62708810 0.77795580 0.00000000
-0.65622840 -0.60332880 -0.45316550 0.00000000
-0.44231030 1.47156900 0.30085810 1.00000000

0.46497220 -0.81022950 0.35683210 0.00000000
0.80127680 0.21372670 -0.55881700 0.00000000
0.37650540 0.54575570 0.74859510 0.00000000
-0.19342960 1.45798300 0.22798130 1.00000000

0.28196530 -0.95597730 0.08126034 0.00000000
0.81738450 0.19500910 -0.54208300 0.00000000
0.50237250 0.21926950 0.83638670 0.00000000
-0.34873310 1.42093000 0.33097590 1.00000000

0.72162780 -0.62830040 -0.29067490 0.00000000
0.15379970 0.55488950 -0.81758390 0.00000000
0.67498070 0.54528550 0.49705610 0.00000000
-0.20414050 1.49738100 0.20260800 1.00000000

0.99507580 -0.09911619 0.00000003 0.00000000
0.09911619 0.99507580 0.00000000 0.00000000
-0.00000003 0.00000000 1.00000000 0.00000000
-0.13579600 0.89895400 0.12251130 1.00000000

1.00000000 0.00000000 0.00000000 0.00000000
0.00000000 1.00000000 0.00000000 0.00000000
0.00000000 0.00000000 1.00000000 0.00000000
0.00000000 0.00000000 0.00000000 1.00000000

1.00000000 0.00000000 0.00000000 0.00000000
0.00000000 1.00000000 0.00000000 0.00000000
0.00000000 0.00000000 1.00000000 0.00000000
0.00000000 0.00000000 0.00000000 1.00000000

0.54192110 0.01389226 -0.84031440 0.00000000
-0.00193533 0.99988130 0.01528216 0.00000000
0.84042710 -0.00665544 0.54188380 0.00000000
-0.00166242 0.85536490 0.01774929 1.00000000

0.94940520 0.26031790 0.17568290 0.00000000
0.30284210 -0.90700040 -0.29263840 0.00000000
0.08316523 0.33103660 -0.93994610 0.00000000
0.06569437 0.82616970 -0.09700274 1.00000000

0.94940520 0.26031790 0.17568290 0.00000000
0.20204290 -0.93454930 0.29291070 0.00000000
0.24043400 -0.24259550 -0.93986130 0.00000000
0.19905220 0.42676820 -0.22586730 1.00000000

0.99133410 0.06380248 -0.11483030 0.00000000
0.06365434 -0.99795990 -0.00496047 0.00000000
-0.11491280 -0.00239199 -0.99337300 0.00000000
0.26349610 0.12868270 -0.13244000 1.00000000

0.99124880 0.06265623 -0.11618950 0.00000000
0.06707653 -0.99715050 0.03452789 0.00000000
-0.11369510 -0.04201939 -0.99262690 0.00000000
0.25438300 0.02437735 -0.26906800 1.00000000

0.54375040 -0.26093360 -0.79765220 0.00000000
0.35010390 0.93431320 -0.06697722 0.00000000
0.76273380 -0.24284230 0.59938710 0.00000000
-0.07794097 0.82248710 0.12572110 1.00000000

0.54374740 -0.26094160 -0.79765170 0.00000000
-0.20171220 0.88194070 -0.42601980 0.00000000
0.81464780 0.39254310 0.42691790 0.00000000
-0.23211050 0.41105900 0.15521480 1.00000000

0.44374440 -0.10235250 -0.89028920 0.00000000
0.05963332 0.99462690 -0.08462486 0.00000000
0.89416720 -0.01553907 0.44746380 0.00000000
-0.16777220 0.12975330 0.29109920 1.00000000

0.43447900 -0.10316550 -0.89475410 0.00000000
-0.04037860 0.99018870 -0.13377640 0.00000000
0.89977640 0.09425188 0.42605050 0.00000000
-0.29650320 0.02825212 0.23860480 1.00000000

0.55334970 0.02039773 -0.83269910 0.00000000
-0.01562348 0.99977840 0.01410829 0.00000000
0.83280250 0.00520284 0.55354580 0.00000000
0.00065249 0.99173380 0.02149667 1.00000000

0.57790770 -0.00548867 -0.81608370 0.00000000
-0.10506850 0.99115500 -0.08107015 0.00000000
0.80931040 0.13259580 0.57221940 0.00000000
-0.00204302 1.16422500 0.02393076 1.00000000

0.60660910 -0.02222336 -0.79468950 0.00000000
-0.39655410 0.85791430 -0.32669250 0.00000000
0.68903570 0.51331200 0.51160590 0.00000000
-0.01292814 1.35162300 0.01496211 1.00000000

-0.23858520 0.85814890 -0.45459620 0.00000000
0.52890660 -0.27776990 -0.80193640 0.00000000
-0.81445390 -0.43176900 -0.38760880 0.00000000
-0.00628356 1.43776800 -0.06202047 1.00000000

0.09034994 0.57733060 -0.81149640 0.00000000
-0.19526330 -0.78874470 -0.58288430 0.00000000
-0.97658040 0.21111910 0.04146862 0.00000000
0.11213830 1.37557500 -0.24157350 1.00000000

0.07118773 0.53841680 -0.83966640 0.00000000
-0.95173130 -0.21530590 -0.21874870 0.00000000
-0.29856320 0.81470890 0.49710090 0.00000000
0.05376158 1.13976900 -0.41583550 1.00000000

0.09525898 0.70978640 -0.69794640 0.00000000
-0.99465560 0.03981744 -0.09526235 0.00000000
-0.03982556 0.70329080 0.70978580 0.00000000
-0.18528870 1.08569000 -0.47077960 1.00000000

0.07764593 -0.69523420 0.71457720 0.00000000
-0.12646790 0.70408270 0.69876590 0.00000000
-0.98892720 -0.14462740 -0.03325573 0.00000000
-0.31493170 1.14832800 -0.34697910 1.00000000

-0.82101050 0.45714720 -0.34199180 0.00000000
-0.56134920 -0.53720710 0.62952040 0.00000000
0.10406300 0.70881950 0.69767180 0.00000000
-0.32361590 1.13625300 -0.43155910 1.00000000

-0.85550170 -0.29488200 0.42563110 0.00000000
0.50795220 -0.63748730 0.57930550 0.00000000
0.10050760 0.71179680 0.69515720 0.00000000
-0.35447100 1.10672500 -0.39695680 1.00000000

-0.79262950 0.47262640 -0.38517910 0.00000000
-0.59643450 -0.46997080 0.65068690 0.00000000
0.12650870 0.74548760 0.65440330 0.00000000
-0.32342600 1.10607200 -0.46466770 1.00000000

-0.81651160 -0.29532570 0.49607680 0.00000000
0.56367370 -0.59357830 0.57440170 0.00000000
0.12482490 0.74863060 0.65113060 0.00000000
-0.35661690 1.07889600 -0.42723600 1.00000000

-0.83662920 0.34539030 -0.42515560 0.00000000
-0.54754260 -0.50495450 0.66724680 0.00000000
0.01577640 0.79102890 0.61157560 0.00000000
-0.32158880 1.07275900 -0.49172760 1.00000000

-0.86997030 -0.29063190 0.39835340 0.00000000
0.49285230 -0.53833690 0.68358620 0.00000000
0.01577640 0.79102890 0.61157560 0.00000000
-0.35119160 1.04545900 -0.45565290 1.00000000

-0.77650240 0.38590770 -0.49811570 0.00000000
-0.61907610 -0.31991330 0.71721720 0.00000000
0.11742580 0.86529240 0.48731960 0.00000000
-0.31875230 1.04446300 -0.51323490 1.00000000

-0.89699820 -0.11827740 0.42591650 0.00000000
0.42699440 -0.48105030 0.76568050 0.00000000
0.11432450 0.86867790 0.48200490 0.00000000
-0.34890540 1.02827200 -0.47716770 1.00000000

0.86167100 0.17711380 0.47555700 0.00000000
-0.28036500 -0.61496260 0.73703260 0.00000000
0.42298830 -0.76840900 -0.48023870 0.00000000
-0.25351970 1.12390000 -0.39676060 1.00000000

-0.03770810 -0.51035920 0.85913460 0.00000000
-0.99010690 -0.09719863 -0.10119660 0.00000000
0.13515330 -0.85445100 -0.50164490 0.00000000
-0.26871860 1.08759100 -0.35205120 1.00000000

0.03578332 0.62999990 -0.77577040 0.00000000
-0.95173130 -0.21530590 -0.21874870 0.00000000
-0.30483960 0.74615260 0.59188620 0.00000000
-0.05534301 1.11508700 -0.44091250 1.00000000

-0.57318190 0.57403710 -0.58475970 0.00000000
-0.19526330 -0.78874470 -0.58288430 0.00000000
-0.79582330 -0.21991660 0.56418260 0.00000000
0.11213830 1.37557500 -0.24157350 1.00000000

-0.36952970 0.60969220 -0.70122990 0.00000000
-0.19526330 -0.78874470 -0.58288430 0.00000000
-0.90847140 -0.07846843 0.41051510 0.00000000
0.07503825 1.22571400 -0.35232140 1.00000000

0.02069333 0.36057070 -0.93250240 0.00000000
0.54201590 -0.78778930 -0.29258650 0.00000000
-0.84011350 -0.49937650 -0.21173700 0.00000000
0.10925310 1.40875000 -0.30061360 1.00000000

-0.30568140 0.35011720 0.88542480 0.00000000
-0.40954420 0.79116640 -0.45423510 0.00000000
-0.85955380 -0.50147180 -0.09845653 0.00000000
-0.08552746 1.50588000 -0.04476878 1.00000000

0.99675290 -0.00009556 -0.08052263 0.00000000
-0.02160782 0.96300460 -0.26861730 0.00000000
0.07756945 0.26948520 0.95987560 0.00000000
-0.13518000 1.60180000 -0.09983950 1.00000000

0.99675290 -0.00009556 -0.08052263 0.00000000
-0.02160782 0.96300460 -0.26861730 0.00000000
0.07756945 0.26948520 0.95987560 0.00000000
-0.14560390 1.62252700 -0.22889630 1.00000000

0.95109970 -0.30872850 0.00981545 0.00000000
-0.28545840 -0.86638400 0.40974710 0.00000000
-0.11799690 -0.39251250 -0.91214680 0.00000000
-0.09169526 1.61948600 -0.20874540 1.00000000

0.95910350 0.24270870 -0.14564740 0.00000000
-0.27899070 0.89747390 -0.34162060 0.00000000
0.04780066 0.36828390 0.92848400 0.00000000
-0.19674270 1.61762800 -0.19878130 1.00000000

0.99675300 -0.00009556 -0.08052275 0.00000000
0.02160782 -0.96300460 0.26861730 0.00000000
-0.07756951 -0.26948510 -0.95987550 0.00000000
-0.10631190 1.63906200 -0.20390350 1.00000000

0.99675290 -0.00009556 -0.08052263 0.00000000
-0.02160782 0.96300460 -0.26861730 0.00000000
0.07756945 0.26948520 0.95987560 0.00000000
-0.18037110 1.63906800 -0.19792030 1.00000000

0.97226310 0.13488950 -0.19107530 0.00000000
0.18143510 -0.95051520 0.25219500 0.00000000
-0.14760170 -0.27986770 -0.94862430 0.00000000
-0.12878670 1.63548400 -0.24070770 1.00000000

0.98729960 0.11312650 -0.11154570 0.00000000
-0.13864730 0.95633690 -0.25728730 0.00000000
0.07756945 0.26948520 0.95987560 0.00000000
-0.16065870 1.63694800 -0.23964230 1.00000000

0.99692240 0.01986225 0.07583955 0.00000000
0.01514722 -0.99794600 0.06224650 0.00000000
0.07691997 -0.06090638 -0.99517550 0.00000000
-0.07796515 1.65608600 -0.23025890 1.00000000

0.98409710 -0.01249059 -0.17719300 0.00000000
-0.01268966 0.99003260 -0.14026550 0.00000000
0.17717880 0.14028350 0.97412960 0.00000000
-0.21271630 1.65703100 -0.22073310 1.00000000

0.98794230 0.10861620 -0.11033150 0.00000000
0.13415640 -0.95628060 0.25986470 0.00000000
-0.07728234 -0.27153310 -0.95932140 0.00000000
-0.10632470 1.63927600 -0.20406130 1.00000000

0.99282080 -0.10880610 -0.04968432 0.00000000
0.08785715 0.94522290 -0.31438010 0.00000000
0.08116931 0.30775810 0.94799620 0.00000000
-0.18037350 1.63905900 -0.19795060 1.00000000

0.99636750 0.06517904 -0.05480736 0.00000000
-0.07666134 0.96674930 -0.24396550 0.00000000
0.03708369 0.24728100 0.96823410 0.00000000
-0.13843480 1.60766500 -0.14013720 1.00000000

0.95306370 0.30065940 -0.03569520 0.00000000
0.30272020 -0.94841420 0.09418631 0.00000000
-0.00553599 -0.10057130 -0.99491470 0.00000000
-0.11591590 1.55543900 -0.23229920 1.00000000

0.99620040 0.06725618 -0.05533147 0.00000000
-0.07363642 0.98969920 -0.12277400 0.00000000
0.04650429 0.12638200 0.99089120 0.00000000
-0.14233500 1.57019900 -0.23998390 1.00000000

0.97405080 -0.18078490 -0.13616950 0.00000000
0.16479050 0.97889770 -0.12084650 0.00000000
0.15514340 0.09527127 0.98328750 0.00000000
-0.16987930 1.55377800 -0.22653540 1.00000000

0.99540940 -0.09401463 -0.01792988 0.00000000
-0.08185686 -0.93334390 0.34952640 0.00000000
-0.04959548 -0.34645440 -0.93675520 0.00000000
-0.09031165 1.56246800 -0.20447500 1.00000000

0.96730050 0.20250990 -0.15270820 0.00000000
-0.24216080 0.91642460 -0.31862880 0.00000000
0.07542011 0.34518980 0.93549790 0.00000000
-0.19884500 1.55789700 -0.19258990 1.00000000

0.99931680 0.03695463 0.00085920 0.00000000
0.03261684 -0.89247910 0.44990800 0.00000000
0.01739284 -0.44957260 -0.89307480 0.00000000
-0.11781140 1.57842700 -0.22624370 1.00000000

0.99566780 0.02861353 -0.08847216 0.00000000
-0.06509599 0.89391520 -0.44348410 0.00000000
0.06639692 0.44732200 0.89190510 0.00000000
-0.14414820 1.58039900 -0.22994260 1.00000000

0.98259480 0.04492738 -0.18024760 0.00000000
-0.12731510 0.86945430 -0.47732600 0.00000000
0.13527220 0.49196630 0.86004130 0.00000000
-0.17120080 1.57908600 -0.22087850 1.00000000

0.99674400 0.00029894 -0.08063266 0.00000000
0.03199500 -0.91936640 0.39209950 0.00000000
-0.07401377 -0.39340270 -0.91638230 0.00000000
-0.12643180 1.60494100 -0.22773240 1.00000000

0.99674400 0.00029894 -0.08063266 0.00000000
-0.03199501 0.91936640 -0.39209950 0.00000000
0.07401383 0.39340270 0.91638240 0.00000000
-0.14659920 1.59591600 -0.24118840 1.00000000

0.99674400 0.00029894 -0.08063266 0.00000000
-0.03199501 0.91936640 -0.39209950 0.00000000
0.07401383 0.39340270 0.91638240 0.00000000
-0.16440420 1.60473800 -0.22460730 1.00000000

0.99675290 -0.00009556 -0.08052263 0.00000000
-0.02157570 0.96311610 -0.26821990 0.00000000
0.07757831 0.26908640 0.95998660 0.00000000
-0.13976160 1.69136800 -0.15665800 1.00000000

0.33523670 -0.90227060 0.27115360 0.00000000
0.49764410 -0.07479890 -0.86415020 0.00000000
0.79997920 0.42463280 0.42393420 0.00000000
-0.08307002 1.44057700 0.03857879 1.00000000

-0.18895120 -0.79524080 -0.57609870 0.00000000
0.82531300 0.18930170 -0.53199960 0.00000000
0.53212410 -0.57598360 0.62055370 0.00000000
-0.19449400 1.45733200 0.23205630 1.00000000

-0.09514266 -0.78350080 -0.61406410 0.00000000
0.03849187 -0.61929670 0.78421310 0.00000000
-0.99471930 0.05097563 0.08907986 0.00000000
-0.44123710 1.40073500 0.39110580 1.00000000

0.98830340 0.14812990 0.03625283 0.00000000
0.08691993 -0.74247410 0.66421200 0.00000000
0.12530620 -0.65329170 -0.74666480 0.00000000
-0.45090600 1.55628700 0.19413260 1.00000000

-0.98838250 -0.01695037 -0.15104110 0.00000000
0.12530620 -0.65329170 -0.74666480 0.00000000
-0.08601777 -0.75691660 0.64782610 0.00000000
-0.41261840 1.68292900 0.15002100 1.00000000

0.64773420 -0.57985320 0.49417730 0.00000000
-0.76129310 -0.51778010 0.39030360 0.00000000
0.02955624 -0.62902650 -0.77682190 0.00000000
-0.46674300 1.70287000 0.15550990 1.00000000

-0.40382820 -0.71770480 0.56729460 0.00000000
-0.91421080 0.29369130 -0.27922090 0.00000000
0.03378868 -0.63138400 -0.77473410 0.00000000
-0.42489740 1.73133100 0.13405600 1.00000000

0.67344790 -0.54279380 0.50183990 0.00000000
-0.73453190 -0.56779620 0.37157830 0.00000000
0.08325237 -0.61885600 -0.78108040 0.00000000
-0.46297550 1.67470300 0.12087550 1.00000000

-0.57212620 -0.67239510 0.46963490 0.00000000
-0.81544080 0.40496680 -0.41359240 0.00000000
0.08791101 -0.61958620 -0.77999040 0.00000000
-0.42052340 1.70653000 0.10023160 1.00000000

0.60342350 -0.52883260 0.59683890 0.00000000
-0.78666400 -0.51730230 0.33698420 0.00000000
0.13053780 -0.67285570 -0.72816570 0.00000000
-0.45304290 1.64705300 0.08953477 1.00000000

-0.57984390 -0.64755650 0.49442100 0.00000000
-0.80420230 0.35768170 -0.47468190 0.00000000
0.13053780 -0.67285570 -0.72816570 0.00000000
-0.41051220 1.67502100 0.07131587 1.00000000

0.51163070 -0.52575880 0.67956750 0.00000000
-0.82135750 -0.53144290 0.20722120 0.00000000
0.25220290 -0.66418830 -0.70373850 0.00000000
-0.44371070 1.62330700 0.06462903 1.00000000

-0.63214590 -0.66422400 0.39899670 0.00000000
-0.73067220 0.33961170 -0.59226860 0.00000000
0.25789510 -0.66593590 -0.70001400 0.00000000
-0.40247480 1.64932400 0.05488940 1.00000000

0.04401001 -0.04654012 -0.99794660 0.00000000
-0.94460560 -0.32714480 -0.02640113 0.00000000
-0.32524450 0.94382770 -0.05835983 0.00000000
-0.43632410 1.65785100 0.21748700 1.00000000

-0.81371670 -0.28175920 -0.50840710 0.00000000
-0.52004180 -0.03782804 0.85330300 0.00000000
-0.25965790 0.95873950 -0.11574530 0.00000000
-0.38015650 1.67741000 0.22079020 1.00000000

0.75631830 -0.49485080 -0.42790860 0.00000000
0.03849187 -0.61929670 0.78421310 0.00000000
-0.65307070 -0.60958560 -0.44933750 0.00000000
-0.44565120 1.47173100 0.30120100 1.00000000

0.45807670 -0.80867180 0.36907420 0.00000000
0.80948360 0.20793430 -0.54909020 0.00000000
0.36729050 0.55028480 0.74985640 0.00000000
-0.19449420 1.45733200 0.23205630 1.00000000

0.27953990 -0.95555660 0.09364562 0.00000000
0.82531300 0.18930170 -0.53199960 0.00000000
0.49062830 0.22600210 0.84155050 0.00000000
-0.35130390 1.42136300 0.33313490 1.00000000

0.72305580 -0.62625770 -0.29153350 0.00000000
0.15261210 0.55641930 -0.81676630 0.00000000
0.67372090 0.54607610 0.49789670 0.00000000
-0.20414360 1.49657800 0.20536620 1.00000000

0.99553630 -0.09437936 -0.00000528 0.00000000
0.09437937 0.99553630 -0.00002379 0.00000000
0.00000751 0.00002318 1.00000000 0.00000000
-0.13702410 0.89967380 0.12754890 1.00000000

1.00000000 0.00000000 0.00000000 0.00000000
0.00000000 1.00000000 0.00000000 0.00000000
0.00000000 0.00000000 1.00000000 0.00000000
0.00000000 0.00000000 0.00000000 1.00000000

1.00000000 0.00000000 0.00000000 0.00000000
0.00000000 1.00000000 0.00000000 0.00000000
0.00000000 0.00000000 1.00000000 0.00000000
0.00000000 0.00000000 0.00000000 1.00000000

0.53975930 0.01109935 -0.84174620 0.00000000
0.00382698 0.99987040 0.01563839 0.00000000
0.84181070 -0.01166232 0.53964690 0.00000000
-0.00257507 0.85538210 0.02365963 1.00000000

0.94919450 0.26180680 0.17460580 0.00000000
0.30428250 -0.90508250 -0.29704890 0.00000000
0.08026317 0.33508660 -0.93876250 0.00000000
0.06430872 0.82584400 -0.09128118 1.00000000

0.94919450 0.26180680 0.17460580 0.00000000
0.20580290 -0.93618880 0.28494860 0.00000000
0.23806540 -0.23453720 -0.94250600 0.00000000
0.19830080 0.42728720 -0.22208790 1.00000000

0.99132270 0.06691133 -0.11314760 0.00000000
0.06701571 -0.99774780 -0.00288513 0.00000000
-0.11308600 -0.00472257 -0.99357410 0.00000000
0.26394410 0.12867870 -0.13120020 1.00000000

0.99132130 0.06424585 -0.11469300 0.00000000
0.06885388 -0.99695250 0.03667386 0.00000000
-0.11198740 -0.04425263 -0.99272390 0.00000000
0.25543150 0.02407616 -0.26763960 1.00000000

0.54368310 -0.25256030 -0.80038860 0.00000000
0.35149380 0.93450660 -0.05612035 0.00000000
0.76214220 -0.25082000 0.59684880 0.00000000
-0.07875364 0.82290170 0.13182220 1.00000000

0.54368000 -0.25256850 -0.80038820 0.00000000
-0.20809670 0.88330230 -0.42008660 0.00000000
0.81308540 0.39495080 0.42767510 0.00000000
-0.23353510 0.41138850 0.15653500 1.00000000

0.44251390 -0.10201600 -0.89094010 0.00000000
0.05897514 0.99466800 -0.08460132 0.00000000
0.89482030 -0.01510607 0.44617090 0.00000000
-0.16716040 0.12964850 0.29052690 1.00000000

0.43293910 -0.10336760 -0.89547690 0.00000000
-0.04303301 0.98990080 -0.13507250 0.00000000
0.90039550 0.09701327 0.42411860 0.00000000
-0.29591240 0.02808368 0.23820720 1.00000000

0.55123620 0.01786526 -0.83415800 0.00000000
-0.01513606 0.99982040 0.01141091 0.00000000
0.83421200 0.00633576 0.55140750 0.00000000
0.00053010 0.99173410 0.02744873 1.00000000

0.57622320 -0.00593332 -0.81727080 0.00000000
-0.10622660 0.99094750 -0.08209009 0.00000000
0.81035970 0.13411810 0.57037670 0.00000000
-0.00208131 1.16423200 0.02941745 1.00000000

0.60506920 -0.02057776 -0.79590690 0.00000000
-0.39934710 0.85697630 -0.32575070 0.00000000
0.68877660 0.51494490 0.51031230 0.00000000
-0.01317225 1.35160800 0.02023736 1.00000000

-0.24064240 0.85700380 -0.45567070 0.00000000
0.52770370 -0.27850120 -0.80247490 0.00000000
-0.81462900 -0.43356860 -0.38522500 0.00000000
-0.00689689 1.43778200 -0.05674367 1.00000000

0.08510509 0.57557060 -0.81331170 0.00000000
-0.19376340 -0.79112880 -0.58014750 0.00000000
-0.97735020 0.20696340 0.04419529 0.00000000
0.11125560 1.37542600 -0.23641730 1.00000000

0.06601909 0.53649900 -0.84131440 0.00000000
-0.95139080 -0.22035380 -0.21517460 0.00000000
-0.30082780 0.81462450 0.49587280 0.00000000
0.05332743 1.13890700 -0.40986110 1.00000000

0.08914545 0.71130910 -0.69720320 0.00000000
-0.99533290 0.03764597 -0.08885705 0.00000000
-0.03695804 0.70187040 0.71134530 0.00000000
-0.18563730 1.08356000 -0.46390750 1.00000000

0.08382723 -0.69637970 0.71276090 0.00000000
-0.12367030 0.70247810 0.70087810 0.00000000
-0.98877640 -0.14690000 -0.02723467 0.00000000
-0.31463630 1.14566000 -0.33916710 1.00000000

-0.82424320 0.45584370 -0.33590150 0.00000000
-0.55606600 -0.53970370 0.63206840 0.00000000
0.10683720 0.70776140 0.69832620 0.00000000
-0.32383050 1.13372300 -0.42371270 1.00000000

-0.85207920 -0.29769430 0.43051060 0.00000000
0.51312670 -0.63736480 0.57486300 0.00000000
0.10325880 0.71073520 0.69584000 0.00000000
-0.35439520 1.10405800 -0.38897040 1.00000000

-0.79617420 0.47147040 -0.37923940 0.00000000
-0.59117380 -0.47259010 0.65358410 0.00000000
0.12892090 0.74456320 0.65498480 0.00000000
-0.32378050 1.10360500 -0.45687860 1.00000000

-0.81264040 -0.29817710 0.50070570 0.00000000
0.56871260 -0.59331510 0.56968710 0.00000000
0.12720870 0.74770820 0.65172870 0.00000000
-0.35666840 1.07628100 -0.41928740 1.00000000

-0.84012820 0.34420560 -0.41917410 0.00000000
-0.54209540 -0.50748910 0.66976670 0.00000000
0.01781106 0.78992240 0.61294820 0.00000000
-0.32203740 1.07034600 -0.48401220 1.00000000

-0.86673120 -0.29342760 0.40333350 0.00000000
0.49845810 -0.53844490 0.67942380 0.00000000
0.01781106 0.78992240 0.61294820 0.00000000
-0.35134580 1.04290900 -0.44780120 1.00000000

-0.78056280 0.38500100 -0.49243920 0.00000000
-0.61374380 -0.32271060 0.72053890 0.00000000
0.11849260 0.86465730 0.48818780 0.00000000
-0.31927140 1.04209700 -0.50559020 1.00000000

-0.89398790 -0.12118910 0.43139190 0.00000000
0.43298990 -0.48146710 0.76204290 0.00000000
0.11534980 0.86804540 0.48289930 0.00000000
-0.34915600 1.02576800 -0.46936230 1.00000000

0.86426280 0.17826140 0.47039700 0.00000000
-0.27422110 -0.61699570 0.73764430 0.00000000
0.42172640 -0.76651130 -0.48436330 0.00000000
-0.25348530 1.12147100 -0.38938420 1.00000000

-0.03103805 -0.51204730 0.85839640 0.00000000
-0.99050030 -0.09934767 -0.09507754 0.00000000
0.13396380 -0.85319300 -0.50409950 0.00000000
-0.26831380 1.08504300 -0.34464720 1.00000000

0.02967665 0.62980900 -0.77618290 0.00000000
-0.95139080 -0.22035380 -0.21517460 0.00000000
-0.30655360 0.74483890 0.59265500 0.00000000
-0.05573819 1.11364600 -0.43452840 1.00000000

-0.57354440 0.57111790 -0.58725750 0.00000000
-0.19376340 -0.79112880 -0.58014750 0.00000000
-0.79592890 -0.21895130 0.56440910 0.00000000
0.11125560 1.37542600 -0.23641730 1.00000000

-0.37289420 0.60636260 -0.70233490 0.00000000
-0.19376340 -0.79112880 -0.58014750 0.00000000
-0.90741730 -0.08024674 0.41249800 0.00000000
0.07444058 1.22511100 -0.34664530 1.00000000

0.01836956 0.35891510 -0.93318940 0.00000000
0.54250670 -0.78758250 -0.29223390 0.00000000
-0.83985080 -0.50089330 -0.20918140 0.00000000
0.10838370 1.40841700 -0.29603850 1.00000000

-0.30632700 0.34828780 0.88592330 0.00000000
-0.41278080 0.79001380 -0.45331030 0.00000000
-0.85777410 -0.50455330 -0.09823605 0.00000000
-0.08627576 1.50569300 -0.03932162 1.00000000

0.99667630 -0.00482788 -0.08132312 0.00000000
-0.01774724 0.96139960 -0.27458300 0.00000000
0.07950976 0.27511380 0.95811860 0.00000000
-0.13632060 1.60147400 -0.09428020 1.00000000

0.99667630 -0.00482788 -0.08132312 0.00000000
-0.01774724 0.96139960 -0.27458300 0.00000000
0.07950976 0.27511380 0.95811860 0.00000000
-0.14676390 1.62144300 -0.22345500 1.00000000

0.94978980 -0.31269690 0.01096904 0.00000000
-0.28878900 -0.86260100 0.41535640 0.00000000
-0.12041870 -0.39766920 -0.90959320 0.00000000
-0.09285192 1.61829800 -0.20332900 1.00000000

0.96000300 0.23772470 -0.14792620 0.00000000
-0.27546640 0.89650990 -0.34697010 0.00000000
0.05013403 0.37384100 0.92613720 0.00000000
-0.19789800 1.61694800 -0.19326890 1.00000000

0.99667640 -0.00482785 -0.08132318 0.00000000
0.01774724 -0.96139960 0.27458300 0.00000000
-0.07950991 -0.27511380 -0.95811860 0.00000000
-0.10738140 1.63796500 -0.19859710 1.00000000

0.99667630 -0.00482788 -0.08132312 0.00000000
-0.01774724 0.96139960 -0.27458300 0.00000000
0.07950976 0.27511380 0.95811860 0.00000000
-0.18143490 1.63832300 -0.19255450 1.00000000

0.97266720 0.12957020 -0.19269340 0.00000000
0.17761240 -0.94969100 0.25795460 0.00000000
-0.14957600 -0.28512880 -0.94674660 0.00000000
-0.12990180 1.63425400 -0.23536020 1.00000000

0.98767750 0.10823830 -0.11304210 0.00000000
-0.13480440 0.95529940 -0.26311740 0.00000000
0.07950976 0.27511380 0.95811860 0.00000000
-0.16176640 1.63586000 -0.23427830 1.00000000

0.99706050 0.01610047 0.07491168 0.00000000
0.01096687 -0.99759510 0.06843875 0.00000000
0.07583344 -0.06741621 -0.99483920 0.00000000
-0.07898464 1.65470500 -0.22508070 1.00000000

0.98388770 -0.01776954 -0.17790420 0.00000000
-0.00860788 0.98918680 -0.14640890 0.00000000
0.17858240 0.14558150 0.97309570 0.00000000
-0.21372260 1.65628100 -0.21545250 1.00000000

0.98830200 0.10373300 -0.11180030 0.00000000
0.13031600 -0.95520810 0.26569820 0.00000000
-0.07923084 -0.27715950 -0.95755200 0.00000000
-0.10739330 1.63817800 -0.19875630 1.00000000

0.99230890 -0.11332700 -0.04980621 0.00000000
0.09160325 0.94286920 -0.32032250 0.00000000
0.08326209 0.31329650 0.94599870 0.00000000
-0.18143740 1.63831400 -0.19258470 1.00000000

0.99658910 0.06060644 -0.05601409 0.00000000
-0.07276393 0.96553110 -0.24991060 0.00000000
0.03893715 0.25313410 0.96664760 0.00000000
-0.13958410 1.60710200 -0.13461090 1.00000000

0.95430010 0.29638260 -0.03833160 0.00000000
0.29877370 -0.94908730 0.09983826 0.00000000
-0.00678968 -0.10672840 -0.99426540 0.00000000
-0.11736360 1.55420900 -0.22646460 1.00000000

0.99643050 0.06268098 -0.05655095 0.00000000
-0.06954084 0.98922060 -0.12886650 0.00000000
0.04786384 0.13233930 0.99004850 0.00000000
-0.14372620 1.56903300 -0.23421970 1.00000000

0.97316190 -0.18576150 -0.13582720 0.00000000
0.16883980 0.97741910 -0.12706380 0.00000000
0.15636360 0.10072100 0.98255090 0.00000000
-0.17132880 1.55281300 -0.22064710 1.00000000

0.99498670 -0.09834953 -0.01814654 0.00000000
-0.08552340 -0.93079770 0.35538940 0.00000000
-0.05184326 -0.35205580 -0.93454250 0.00000000
-0.09170657 1.56130200 -0.19870520 1.00000000

0.96802340 0.19744830 -0.15474350 0.00000000
-0.23853720 0.91544640 -0.32412610 0.00000000
0.07766128 0.35067390 0.93327240 0.00000000
-0.20024850 1.55726600 -0.18670460 1.00000000

0.99946500 0.03271610 -0.00017527 0.00000000
0.02920604 -0.88979630 0.45542260 0.00000000
0.01474354 -0.45518410 -0.89027560 0.00000000
-0.11915660 1.57724200 -0.22055060 1.00000000

0.99570640 0.02383558 -0.08945006 0.00000000
-0.06167346 0.89141010 -0.44898180 0.00000000
0.06903505 0.45257070 0.88905270 0.00000000
-0.14548780 1.57930300 -0.22424050 1.00000000

0.98262640 0.03963412 -0.18131480 0.00000000
-0.12402380 0.86700360 -0.48262070 0.00000000
0.13807250 0.49672320 0.85685630 0.00000000
-0.17253820 1.57816200 -0.21514660 1.00000000

0.99666890 -0.00443397 -0.08143562 0.00000000
0.02842207 -0.91703920 0.39778300 0.00000000
-0.07644349 -0.39877270 -0.91385850 0.00000000
-0.12766560 1.60378200 -0.22219720 1.00000000

0.99666890 -0.00443397 -0.08143562 0.00000000
-0.02842201 0.91703930 -0.39778300 0.00000000
0.07644352 0.39877270 0.91385870 0.00000000
-0.14788230 1.59476000 -0.23558050 1.00000000

0.99666890 -0.00443397 -0.08143562 0.00000000
-0.02842201 0.91703930 -0.39778300 0.00000000
0.07644352 0.39877270 0.91385870 0.00000000
-0.16563590 1.60376100 -0.21904030 1.00000000

0.99667630 -0.00482788 -0.08132312 0.00000000
-0.01771438 0.96151350 -0.27418630 0.00000000
0.07951701 0.27471570 0.95823220 0.00000000
-0.14056970 1.69070600 -0.15165090 1.00000000

0.33732560 -0.90168660 0.27050450 0.00000000
0.49733050 -0.07328293 -0.86446050 0.00000000
0.79929600 0.42613470 0.42371610 0.00000000
-0.08348842 1.44038300 0.04400972 1.00000000

-0.18148080 -0.80111600 -0.57033130 0.00000000
0.83480910 0.18103160 -0.51992450 0.00000000
0.51976790 -0.57047400 0.63592520 0.00000000
-0.19484220 1.45679900 0.23755670 1.00000000

-0.08723070 -0.79011200 -0.60672380 0.00000000
0.02841118 -0.61077080 0.79129770 0.00000000
-0.99578310 0.05178757 0.07572606 0.00000000
-0.44442430 1.40267400 0.39299620 1.00000000

0.98840230 0.14562750 0.04305840 0.00000000
0.07850480 -0.73270520 0.67600330 0.00000000
0.12999380 -0.66478280 -0.73563990 0.00000000
