MeshAnim
1
35
79
30
0.54357840 0.01686242 -0.83918910 0.00000000
-0.00670477 0.99985350 0.01574779 0.00000000
0.83933160 -0.00293359 0.54361180 0.00000000
0.00000000 0.85533960 0.01297015 1.00000000

0.94970310 0.25868360 0.17648480 0.00000000
0.30115420 -0.90896240 -0.28825970 0.00000000
0.08584997 0.32691020 -0.94114800 0.00000000
0.06773052 0.82651880 -0.10165650 1.00000000

0.94970310 0.25868360 0.17648480 0.00000000
0.19827630 -0.93294470 0.30050100 0.00000000
0.24238510 -0.25039400 -0.93731120 0.00000000
0.20034500 0.42625340 -0.22859290 1.00000000

0.99132820 0.06231819 -0.11569320 0.00000000
0.06203496 -0.99805570 -0.00605075 0.00000000
-0.11584530 -0.00117874 -0.99326670 0.00000000
0.26358760 0.12867970 -0.13274450 1.00000000

0.99116870 0.06228919 -0.11706690 0.00000000
0.06660175 -0.99722430 0.03329104 0.00000000
-0.11466830 -0.04079388 -0.99256600 0.00000000
0.25417800 0.02453059 -0.26947160 1.00000000

0.54395290 -0.26823350 -0.79508870 0.00000000
0.34934800 0.93390080 -0.07606021 0.00000000
0.76293580 -0.23638950 0.60170500 0.00000000
-0.07634407 0.82204900 0.12076910 1.00000000

0.54395000 -0.26824140 -0.79508810 0.00000000
-0.19547480 0.88095320 -0.43094180 0.00000000
0.81603180 0.38983060 0.42676000 0.00000000
-0.23018070 0.41080250 0.15426250 1.00000000

0.44429870 -0.10249550 -0.88999630 0.00000000
0.05992621 0.99460900 -0.08462716 0.00000000
0.89387220 -0.01573431 0.44804570 0.00000000
-0.16783180 0.12981170 0.29171680 1.00000000

0.43528000 -0.10270190 -0.89441800 0.00000000
-0.03788704 0.99050230 -0.13217300 0.00000000
0.89949750 0.09141907 0.42725480 0.00000000
-0.29655300 0.02833927 0.23914290 1.00000000

0.55469830 0.02354578 -0.83171840 0.00000000
-0.01680209 0.99971260 0.01709583 0.00000000
0.83188190 0.00449158 0.55493460 0.00000000
0.00166097 0.99171610 0.01678634 1.00000000

0.57899800 -0.00453269 -0.81531650 0.00000000
-0.10462140 0.99130460 -0.07980809 0.00000000
0.80858880 0.13150820 0.57348920 0.00000000
-0.00123788 1.16419600 0.01973587 1.00000000

0.60774800 -0.02344477 -0.79378370 0.00000000
-0.39446390 0.85861750 -0.32737480 0.00000000
0.68923180 0.51208040 0.51257500 0.00000000
-0.01204698 1.35161000 0.01101786 1.00000000

-0.23707940 0.85898690 -0.45380050 0.00000000
0.53084700 -0.27667070 -0.80103350 0.00000000
-0.81363060 -0.43080720 -0.39039770 0.00000000
-0.00512693 1.43773400 -0.06596408 1.00000000

0.09717911 0.58123860 -0.80790970 0.00000000
-0.19625590 -0.78462220 -0.58809150 0.00000000
-0.97572540 0.21570720 0.03782254 0.00000000
0.11372940 1.37578700 -0.24531500 1.00000000

0.07796535 0.54257210 -0.83638320 0.00000000
-0.95200400 -0.20855730 -0.22403680 0.00000000
-0.29598980 0.81370700 0.50027070 0.00000000
0.05505598 1.14121400 -0.42113380 1.00000000

0.10388150 0.70922120 -0.69729030 0.00000000
-0.99365620 0.04364075 -0.10364620 0.00000000
-0.04307780 0.70363370 0.70925560 0.00000000
-0.18406280 1.08883000 -0.47740600 1.00000000

0.06893232 -0.69533400 0.71537330 0.00000000
-0.12962050 0.70475790 0.69750620 0.00000000
-0.98916470 -0.14080790 -0.04154909 0.00000000
-0.31450030 1.15200300 -0.35471700 1.00000000

-0.81632450 0.46022780 -0.34900480 0.00000000
-0.56870690 -0.53485830 0.62489940 0.00000000
0.10092810 0.70860210 0.69835260 0.00000000
-0.32251850 1.13993900 -0.43936420 1.00000000

-0.86019110 -0.29145210 0.41848150 0.00000000
0.50058280 -0.63928990 0.58371680 0.00000000
0.09740543 0.71159260 0.69580760 0.00000000
-0.35377810 1.11054000 -0.40501590 1.00000000

-0.78752120 0.47558520 -0.39195540 0.00000000
-0.60370860 -0.46748070 0.64575340 0.00000000
0.12387920 0.74517140 0.65526600 0.00000000
-0.32216670 1.10974800 -0.47246290 1.00000000

-0.82179780 -0.29202730 0.48925300 0.00000000
0.55651320 -0.59559830 0.57927170 0.00000000
0.12223510 0.74832000 0.65197830 0.00000000
-0.35577660 1.08271100 -0.43530540 1.00000000

-0.83167510 0.34850950 -0.43227030 0.00000000
-0.55509380 -0.50264890 0.66273300 0.00000000
0.01368859 0.79112890 0.61149620 0.00000000
-0.32023080 1.07642100 -0.49949840 1.00000000

-0.87441280 -0.28715360 0.39108180 0.00000000
0.48498930 -0.54005340 0.68784260 0.00000000
0.01368859 0.79112890 0.61149620 0.00000000
-0.35024180 1.04924500 -0.46366760 1.00000000

-0.77077960 0.38877380 -0.50473120 0.00000000
-0.62632850 -0.31731850 0.71205450 0.00000000
0.11666770 0.86496450 0.48808280 0.00000000
-0.31732280 1.04810800 -0.52097410 1.00000000

-0.90100460 -0.11468830 0.41837480 0.00000000
0.41866490 -0.48248980 0.76936570 0.00000000
0.11362440 0.86836060 0.48274140 0.00000000
-0.34784100 1.03204400 -0.48515830 1.00000000

0.85831480 0.17390750 0.48275490 0.00000000
-0.28894140 -0.61367120 0.73479310 0.00000000
0.42403860 -0.77017150 -0.47647380 0.00000000
-0.25276620 1.12732400 -0.40397360 1.00000000

-0.04691818 -0.50997420 0.85890950 0.00000000
-0.98958860 -0.09339347 -0.10950890 0.00000000
0.13606310 -0.85510480 -0.50028290 0.00000000
-0.26848160 1.09108600 -0.35938510 1.00000000

0.04369137 0.63185360 -0.77385540 0.00000000
-0.95200400 -0.20855730 -0.22403680 0.00000000
-0.30295150 0.74650180 0.59241500 0.00000000
-0.05407998 1.11730500 -0.44681700 1.00000000

-0.57355770 0.57830870 -0.58016430 0.00000000
-0.19625590 -0.78462220 -0.58809150 0.00000000
-0.79530820 -0.22344380 0.56352270 0.00000000
0.11372940 1.37578700 -0.24531500 1.00000000

-0.36653540 0.61497990 -0.69817750 0.00000000
-0.19625590 -0.78462220 -0.58809150 0.00000000
-0.90946990 -0.07853489 0.40828510 0.00000000
0.07644072 1.22670900 -0.35705230 1.00000000

0.02322361 0.36208670 -0.93185520 0.00000000
0.54244970 -0.78752740 -0.29248720 0.00000000
-0.83976720 -0.49869190 -0.21470290 0.00000000
0.11073900 1.40916800 -0.30350520 1.00000000

-0.30561000 0.35124450 0.88500280 0.00000000
-0.40715800 0.79199690 -0.45493210 0.00000000
-0.86071190 -0.49936780 -0.09903017 0.00000000
-0.08426900 1.50599600 -0.04883765 1.00000000

0.99681810 0.00384956 -0.07961783 0.00000000
-0.02472487 0.96450010 -0.26292230 0.00000000
0.07577935 0.26405430 0.96152650 0.00000000
-0.13363220 1.60201600 -0.10399290 1.00000000

0.99681810 0.00384956 -0.07961783 0.00000000
-0.02472487 0.96450010 -0.26292230 0.00000000
0.07577935 0.26405430 0.96152650 0.00000000
-0.14401390 1.62347200 -0.23293390 1.00000000

0.95216020 -0.30547060 0.00884721 0.00000000
-0.28280100 -0.86978730 0.40434390 0.00000000
-0.11582000 -0.38750230 -0.91456470 0.00000000
-0.09011288 1.62050000 -0.21275250 1.00000000

0.95838080 0.24690360 -0.14333600 0.00000000
-0.28181310 0.89850870 -0.33654620 0.00000000
0.04569429 0.36293330 0.93069410 0.00000000
-0.19516200 1.61821700 -0.20289490 1.00000000

0.99681810 0.00384962 -0.07961792 0.00000000
0.02472487 -0.96450010 0.26292230 0.00000000
-0.07577944 -0.26405430 -0.96152650 0.00000000
-0.10480190 1.63999500 -0.20780780 1.00000000

0.99681810 0.00384956 -0.07961783 0.00000000
-0.02472487 0.96450010 -0.26292230 0.00000000
0.07577935 0.26405430 0.96152650 0.00000000
-0.17886590 1.63970800 -0.20189190 1.00000000

0.97195610 0.13940210 -0.18939050 0.00000000
0.18452210 -0.95135750 0.24671920 0.00000000
-0.14578490 -0.27474700 -0.95040050 0.00000000
-0.12723150 1.63655700 -0.24465290 1.00000000

0.98699770 0.11722020 -0.10997780 0.00000000
-0.14175030 0.95735820 -0.25173800 0.00000000
0.07577935 0.26405430 0.96152650 0.00000000
-0.15910940 1.63790500 -0.24360790 1.00000000

0.99677930 0.02287994 0.07686001 0.00000000
0.01856889 -0.99823890 0.05634213 0.00000000
0.07801372 -0.05473354 -0.99544890 0.00000000
-0.07649132 1.65727400 -0.23403610 1.00000000

0.98429110 -0.00801566 -0.17637150 0.00000000
-0.01601473 0.99079700 -0.13440440 0.00000000
0.17582560 0.13511760 0.97510450 0.00000000
-0.21125330 1.65769400 -0.22462710 1.00000000

0.98765510 0.11270500 -0.10878960 0.00000000
0.13725710 -0.95733280 0.25431170 0.00000000
-0.07548568 -0.26610450 -0.96098420 0.00000000
-0.10481520 1.64021000 -0.20796440 1.00000000

0.99323740 -0.10505500 -0.04942825 0.00000000
0.08484188 0.94737120 -0.30869040 0.00000000
0.07925633 0.30240920 0.94987760 0.00000000
-0.17886830 1.63970000 -0.20192230 1.00000000

0.99618240 0.06896880 -0.05351654 0.00000000
-0.07981287 0.96790690 -0.23829860 0.00000000
0.03536385 0.24166020 0.96971640 0.00000000
-0.13687180 1.60810900 -0.14425800 1.00000000

0.95204140 0.30417940 -0.03304762 0.00000000
0.30593910 -0.94789740 0.08883580 0.00000000
-0.00430381 -0.09468597 -0.99549810 0.00000000
-0.11408940 1.55650900 -0.23670760 1.00000000

0.99600850 0.07104841 -0.05402839 0.00000000
-0.07697535 0.99014790 -0.11697040 0.00000000
0.04518557 0.12066240 0.99166480 0.00000000
-0.14055280 1.57122300 -0.24432860 1.00000000

0.97479500 -0.17658430 -0.13635580 0.00000000
0.16148600 0.98016440 -0.11489080 0.00000000
0.15393900 0.08997548 0.98397530 0.00000000
-0.16805170 1.55462600 -0.23100270 1.00000000

0.99574630 -0.09044319 -0.01758432 0.00000000
-0.07891422 -0.93568020 0.34391190 0.00000000
-0.04755789 -0.34106140 -0.93883750 0.00000000
-0.08853438 1.56346200 -0.20881900 1.00000000

0.96672400 0.20677600 -0.15062760 0.00000000
-0.24506970 0.91745050 -0.31340890 0.00000000
0.07338783 0.33989410 0.93759610 0.00000000
-0.19706170 1.55844300 -0.19705960 1.00000000

0.99918070 0.04042499 0.00198457 0.00000000
0.03532740 -0.89501360 0.44463770 0.00000000
0.01975054 -0.44420330 -0.89570850 0.00000000
-0.11607030 1.57945400 -0.23051760 1.00000000

0.99564000 0.03260142 -0.08739802 0.00000000
-0.06781705 0.89629850 -0.43823500 0.00000000
0.06404763 0.44225140 0.89460170 0.00000000
-0.14241050 1.58135700 -0.23422860 1.00000000

0.98259150 0.04941378 -0.17908700 0.00000000
-0.12992050 0.87182250 -0.47227760 0.00000000
0.13279500 0.48732310 0.86306550 0.00000000
-0.16946640 1.57989600 -0.22519710 1.00000000

0.99680790 0.00424473 -0.07972565 0.00000000
0.03485042 -0.92155930 0.38667040 0.00000000
-0.07183069 -0.38821460 -0.91876550 0.00000000
-0.12478170 1.60594600 -0.23185690 1.00000000

0.99680790 0.00424473 -0.07972565 0.00000000
-0.03485042 0.92155930 -0.38667030 0.00000000
0.07183066 0.38821450 0.91876550 0.00000000
-0.14490570 1.59693100 -0.24538450 1.00000000

0.99680790 0.00424473 -0.07972565 0.00000000
-0.03485042 0.92155930 -0.38667030 0.00000000
0.07183066 0.38821450 0.91876550 0.00000000
-0.16275590 1.60559300 -0.22876750 1.00000000

0.99681810 0.00384956 -0.07961783 0.00000000
-0.02469353 0.96460940 -0.26252410 0.00000000
0.07578942 0.26365480 0.96163520 0.00000000
-0.13847550 1.69190400 -0.16028350 1.00000000

0.33323190 -0.90262570 0.27243940 0.00000000
0.49741150 -0.07716917 -0.86407560 0.00000000
0.80096090 0.42345200 0.42326120 0.00000000
-0.08205758 1.44069800 0.03452054 1.00000000

-0.19743990 -0.78915020 -0.58160060 0.00000000
0.81738450 0.19500910 -0.54208300 0.00000000
0.54120240 -0.58242010 0.60653670 0.00000000
-0.19342950 1.45798300 0.22798130 1.00000000

-0.10371930 -0.77691270 -0.62100630 0.00000000
0.03931174 -0.62708810 0.77795580 0.00000000
-0.99382940 0.05627605 0.09558284 0.00000000
-0.43780220 1.39968000 0.39004540 1.00000000

0.98834110 0.14839640 0.03406236 0.00000000
0.09111148 -0.75568490 0.64856690 0.00000000
0.12198530 -0.63790180 -0.76039520 0.00000000
-0.44767700 1.55718900 0.19464400 1.00000000

-0.98914740 -0.01491867 -0.14616720 0.00000000
0.12198530 -0.63790180 -0.76039520 0.00000000
-0.08189638 -0.76997320 0.63279900 0.00000000
-0.40974100 1.68473900 0.15290720 1.00000000

0.65087010 -0.58906810 0.47892280 0.00000000
-0.75874190 -0.52637400 0.38372000 0.00000000
0.02605519 -0.61313060 -0.78955170 0.00000000
-0.46385450 1.70450800 0.15908270 1.00000000

-0.40016290 -0.72946970 0.55474650 0.00000000
-0.91594310 0.29833280 -0.26841400 0.00000000
0.03030083 -0.61552530 -0.78753440 0.00000000
-0.42214920 1.73344100 0.13799080 1.00000000

0.67658910 -0.55214480 0.48719980 0.00000000
-0.73203300 -0.57597270 0.36384520 0.00000000
0.07971850 -0.60282000 -0.79388490 0.00000000
-0.46024300 1.67705200 0.12386540 1.00000000

-0.56901530 -0.68236680 0.45890890 0.00000000
-0.81798620 0.41241030 -0.40101950 0.00000000
0.08438355 -0.60356720 -0.79283430 0.00000000
-0.41792990 1.70933500 0.10364830 1.00000000

0.60705270 -0.54018380 0.58282820 0.00000000
-0.78439380 -0.52484270 0.33055520 0.00000000
0.12733270 -0.65783100 -0.74232390 0.00000000
-0.45044960 1.65005300 0.09191940 1.00000000

-0.57662560 -0.65804320 0.48423360 0.00000000
-0.80702510 0.36638420 -0.46311260 0.00000000
0.12733270 -0.65783100 -0.74232390 0.00000000
-0.40804170 1.67842900 0.07404808 1.00000000

0.51569390 -0.53888240 0.66608220 0.00000000
-0.81975670 -0.53638830 0.20071610 0.00000000
0.24911630 -0.64953330 -0.71836470 0.00000000
-0.44122650 1.62682600 0.06648908 1.00000000

-0.62941370 -0.67282920 0.38876670 0.00000000
-0.73409840 0.35077650 -0.58142550 0.00000000
0.25482960 -0.65135000 -0.71470620 0.00000000
-0.40006680 1.65307800 0.05706233 1.00000000

0.03879875 -0.02626982 -0.99890180 0.00000000
-0.94442450 -0.32752840 -0.02806917 0.00000000
-0.32643140 0.94447620 -0.03751761 0.00000000
-0.43306760 1.65827400 0.21997470 1.00000000

-0.81611760 -0.27225180 -0.50973640 0.00000000
-0.51550630 -0.05564766 0.85507720 0.00000000
-0.26116200 0.96061580 -0.09493251 0.00000000
-0.37690170 1.67782100 0.22337880 1.00000000

0.75353770 -0.49270190 -0.43523080 0.00000000
0.03931174 -0.62708810 0.77795580 0.00000000
-0.65622840 -0.60332880 -0.45316550 0.00000000
-0.44231030 1.47156900 0.30085810 1.00000000

0.46497220 -0.81022950 0.35683210 0.00000000
0.80127680 0.21372670 -0.55881700 0.00000000
0.37650540 0.54575570 0.74859510 0.00000000
-0.19342960 1.45798300 0.22798130 1.00000000

0.28196530 -0.95597730 0.08126034 0.00000000
0.81738450 0.19500910 -0.54208300 0.00000000
0.50237250 0.21926950 0.83638670 0.00000000
-0.34873310 1.42093000 0.33097590 1.00000000

0.72162780 -0.62830040 -0.29067490 0.00000000
0.15379970 0.55488950 -0.81758390 0.00000000
0.67498070 0.54528550 0.49705610 0.00000000
-0.20414050 1.49738100 0.20260800 1.00000000

0.99507580 -0.09911619 0.00000003 0.00000000
0.09911619 0.99507580 0.00000000 0.00000000
-0.00000003 0.00000000 1.00000000 0.00000000
-0.13579600 0.89895400 0.12251130 1.00000000

1.00000000 0.00000000 0.00000000 0.00000000
0.00000000 1.00000000 0.00000000 0.00000000
0.00000000 0.00000000 1.00000000 0.00000000
0.00000000 0.00000000 0.00000000 1.00000000

1.00000000 0.00000000 0.00000000 0.00000000
0.00000000 1.00000000 0.00000000 0.00000000
0.00000000 0.00000000 1.00000000 0.00000000
0.00000000 0.00000000 0.00000000 1.00000000

0.54654060 0.02855071 -0.83694580 0.00000000
-0.01534360 0.99959230 0.02407943 0.00000000
0.83729210 -0.00031862 0.54675580 0.00000000
-0.00458604 0.85551430 0.01459584 1.00000000

0.94777590 0.26172680 0.18226350 0.00000000
0.30523220 -0.91006620 -0.28038000 0.00000000
0.09248877 0.32137010 -0.94242620 0.00000000
0.06381647 0.82823660 -0.10000930 1.00000000

0.94777590 0.26172680 0.18226350 0.00000000
0.20474440 -0.93746300 0.28150140 0.00000000
0.24454160 -0.22948280 -0.94209190 0.00000000
0.19822680 0.42748500 -0.22347590 1.00000000

0.99141110 0.06293493 -0.11464380 0.00000000
0.06262927 -0.99801730 -0.00626967 0.00000000
-0.11481100 -0.00096424 -0.99338700 0.00000000
0.26353240 0.12847020 -0.13368770 1.00000000

0.99143270 0.06134596 -0.11531710 0.00000000
0.06585161 -0.99719170 0.03567334 0.00000000
-0.11280480 -0.04296153 -0.99268810 0.00000000
0.25432640 0.02435446 -0.27045410 1.00000000

0.54773630 -0.26248350 -0.79441000 0.00000000
0.34863950 0.93475240 -0.06847164 0.00000000
0.76054950 -0.23945840 0.60351000 0.00000000
-0.08104324 0.82066880 0.12182160 1.00000000

0.54773320 -0.26249160 -0.79440950 0.00000000
-0.20889260 0.87653140 -0.43365480 0.00000000
0.81015570 0.40347340 0.42527290 0.00000000
-0.23456790 0.40904730 0.15197340 1.00000000

0.44412420 -0.10270160 -0.89005960 0.00000000
0.06002571 0.99458730 -0.08481096 0.00000000
0.89395240 -0.01575991 0.44788500 0.00000000
-0.16793930 0.12946690 0.29029310 1.00000000

0.43491440 -0.10358000 -0.89449470 0.00000000
-0.03864878 0.99029950 -0.13346550 0.00000000
0.89964210 0.09261717 0.42669220 0.00000000
-0.29668180 0.02800012 0.23776030 1.00000000

0.55825070 0.02734361 -0.82922160 0.00000000
-0.02459022 0.99956300 0.01640594 0.00000000
0.82930780 0.01123211 0.55867900 0.00000000
-0.00410972 0.99186310 0.01955815 1.00000000

0.58516100 0.00102983 -0.81091640 0.00000000
-0.11445550 0.99009330 -0.08133422 0.00000000
0.80279910 0.14040750 0.57948180 0.00000000
-0.00835227 1.16431700 0.02238863 1.00000000

0.61590700 -0.01552018 -0.78766610 0.00000000
-0.40281220 0.85303130 -0.33178280 0.00000000
0.67705320 0.52162880 0.51913610 0.00000000
-0.02106951 1.35160100 0.01344966 1.00000000

-0.24091710 0.85568310 -0.45800150 0.00000000
0.54502090 -0.27118940 -0.79335290 0.00000000
-0.80306390 -0.44075270 -0.40103100 0.00000000
-0.01455263 1.43777800 -0.06350831 1.00000000

0.09490520 0.59053940 -0.80140890 0.00000000
-0.18968380 -0.77956600 -0.59690670 0.00000000
-0.97724800 0.20866390 0.03803083 0.00000000
0.10747720 1.37705800 -0.24113950 1.00000000

0.07601455 0.55205170 -0.83033760 0.00000000
-0.95009310 -0.21258940 -0.22831820 0.00000000
-0.30256440 0.80625370 0.50834080 0.00000000
0.05076861 1.14399600 -0.41959370 1.00000000

0.10333730 0.71935050 -0.68691790 0.00000000
-0.99375970 0.04551224 -0.10183640 0.00000000
-0.04199290 0.69315500 0.71956460 0.00000000
-0.18787010 1.09060000 -0.47694140 1.00000000

0.06950259 -0.70579180 0.70500150 0.00000000
-0.12854870 0.69448230 0.70793350 0.00000000
-0.98926470 -0.13983030 -0.04246044 0.00000000
-0.31814180 1.15201000 -0.35318570 1.00000000

-0.81655720 0.46559530 -0.34125560 0.00000000
-0.56818140 -0.54377710 0.61763750 0.00000000
0.10200210 0.69823170 0.70856790 0.00000000
-0.32626270 1.14119400 -0.43799160 1.00000000

-0.85981430 -0.29726160 0.41515700 0.00000000
0.50102100 -0.64797350 0.57367970 0.00000000
0.09847757 0.70126040 0.70607100 0.00000000
-0.35749330 1.11130500 -0.40404250 1.00000000

-0.78779800 0.48157150 -0.38400950 0.00000000
-0.60313390 -0.47670110 0.63951990 0.00000000
0.12491700 0.73542170 0.66599620 0.00000000
-0.32596040 1.11149300 -0.47153050 1.00000000

-0.82133880 -0.29889000 0.48586780 0.00000000
0.55696250 -0.60424110 0.56981190 0.00000000
0.12327020 0.73861880 0.66275710 0.00000000
-0.35953740 1.08392500 -0.43473510 1.00000000

-0.83204590 0.35511770 -0.42613520 0.00000000
-0.55451240 -0.51213200 0.65592420 0.00000000
0.01469272 0.78205650 0.62303470 0.00000000
-0.32406810 1.07856500 -0.49905470 1.00000000

-0.87406610 -0.29255600 0.38784010 0.00000000
0.48558530 -0.55027160 0.67927030 0.00000000
0.01469272 0.78205650 0.62303470 0.00000000
-0.35404810 1.05087700 -0.46359240 1.00000000

-0.77121960 0.39642030 -0.49806790 0.00000000
-0.62562070 -0.32752080 0.70804580 0.00000000
0.11755630 0.85766040 0.50059930 0.00000000
-0.32119600 1.05056900 -0.52094760 1.00000000

-0.90056160 -0.12050070 0.41769430 0.00000000
0.41937700 -0.49388810 0.76170720 0.00000000
0.11450800 0.86113560 0.49531190 0.00000000
-0.35167840 1.03399200 -0.48533600 1.00000000

0.85893890 0.16649220 0.48425710 0.00000000
-0.28831800 -0.62429540 0.72603570 0.00000000
0.42319860 -0.76324050 -0.48822910 0.00000000
-0.25647410 1.12803500 -0.40287150 1.00000000

-0.04611236 -0.52251910 0.85137990 0.00000000
-0.98975010 -0.09142253 -0.10971590 0.00000000
0.13516390 -0.84771250 -0.51294750 0.00000000
-0.27215120 1.09115200 -0.35880160 1.00000000

0.04038671 0.64189130 -0.76573130 0.00000000
-0.95009310 -0.21258940 -0.22831820 0.00000000
-0.30934180 0.73673710 0.60127070 0.00000000
-0.05814825 1.11962600 -0.44576770 1.00000000

-0.57208900 0.58183500 -0.57808490 0.00000000
-0.18968380 -0.77956600 -0.59690670 0.00000000
-0.79795650 -0.23183020 0.55634560 0.00000000
0.10747720 1.37705800 -0.24113950 1.00000000

-0.36724880 0.62014690 -0.69321440 0.00000000
-0.18968380 -0.77956600 -0.59690670 0.00000000
-0.91057610 -0.08772154 0.40392630 0.00000000
0.07143729 1.22894100 -0.35455180 1.00000000

0.03175920 0.36141150 -0.93186530 0.00000000
0.55564840 -0.78136970 -0.28410670 0.00000000
-0.83081080 -0.50876650 -0.22563350 0.00000000
0.10429670 1.41057200 -0.29772060 1.00000000

-0.32321790 0.34562920 0.88094880 0.00000000
-0.41401870 0.78544900 -0.46006350 0.00000000
-0.85095170 -0.51343010 -0.11077410 0.00000000
-0.09478255 1.50496500 -0.04721132 1.00000000

0.99738010 0.02135570 -0.06911719 0.00000000
-0.03884732 0.96409700 -0.26269320 0.00000000
0.06102541 0.26469010 0.96240080 0.00000000
-0.14497750 1.60019100 -0.10298860 1.00000000

0.99738010 0.02135570 -0.06911719 0.00000000
-0.03884732 0.96409700 -0.26269320 0.00000000
0.06102541 0.26469010 0.96240080 0.00000000
-0.15437670 1.62154900 -0.23202130 1.00000000

0.95721890 -0.28875900 0.01872069 0.00000000
-0.27176080 -0.87487890 0.40091600 0.00000000
-0.09938970 -0.38885200 -0.91592400 0.00000000
-0.10064710 1.61950700 -0.21127500 1.00000000

0.95536390 0.26374250 -0.13311660 0.00000000
-0.29395170 0.89366450 -0.33905210 0.00000000
0.02953905 0.36304810 0.93130230 0.00000000
-0.20573800 1.61537900 -0.20252500 1.00000000

0.99738010 0.02135570 -0.06911719 0.00000000
0.03884732 -0.96409700 0.26269320 0.00000000
-0.06102556 -0.26469010 -0.96240070 0.00000000
-0.11572650 1.63873900 -0.20647560 1.00000000

0.99738010 0.02135570 -0.06911719 0.00000000
-0.03884732 0.96409700 -0.26269320 0.00000000
0.06102541 0.26469010 0.96240080 0.00000000
-0.18983230 1.63715200 -0.20133990 1.00000000

0.97130360 0.15652640 -0.17907850 0.00000000
0.19855150 -0.94814770 0.24817980 0.00000000
-0.13094630 -0.27661430 -0.95201770 0.00000000
-0.13770370 1.63493400 -0.24355650 1.00000000

0.98589550 0.13455750 -0.09952277 0.00000000
-0.15584080 0.95489980 -0.25274510 0.00000000
0.06102541 0.26469010 0.96240080 0.00000000
-0.16960950 1.63572200 -0.24284650 1.00000000

0.99536220 0.04027662 0.08736101 0.00000000
0.03545641 -0.99779870 0.05604314 0.00000000
0.08942610 -0.05268584 -0.99459920 0.00000000
-0.08744863 1.65652800 -0.23239590 1.00000000

0.98608120 0.00933844 -0.16600310 0.00000000
-0.03195134 0.99045570 -0.13407780 0.00000000
0.16316650 0.13751570 0.97696780 0.00000000
-0.22228880 1.65458300 -0.22440590 1.00000000

0.98661910 0.13005370 -0.09833011 0.00000000
0.15132110 -0.95495470 0.25527140 0.00000000
-0.06070173 -0.26673520 -0.96185650 0.00000000
-0.11574200 1.63895400 -0.20663230 1.00000000

0.99538980 -0.08761527 -0.03902057 0.00000000
0.07147794 0.94892010 -0.30731370 0.00000000
0.06395265 0.30310790 0.95080800 0.00000000
-0.18983420 1.63714300 -0.20137030 1.00000000

0.99532950 0.08643620 -0.04299185 0.00000000
-0.09424252 0.96652220 -0.23864920 0.00000000
0.02092457 0.24158630 0.97015380 0.00000000
-0.14789960 1.60625300 -0.14328260 1.00000000

0.94686280 0.32082400 -0.02287301 0.00000000
0.32154310 -0.94245550 0.09158518 0.00000000
0.00782603 -0.09407336 -0.99553480 0.00000000
-0.12324590 1.55512300 -0.23551270 1.00000000

0.99512480 0.08851275 -0.04350451 0.00000000
-0.09307114 0.98872720 -0.11728690 0.00000000
0.03263259 0.12076420 0.99214480 0.00000000
-0.14988140 1.56937600 -0.24340470 1.00000000

0.97911860 -0.15939770 -0.12617250 0.00000000
0.14549330 0.98291920 -0.11270180 0.00000000
0.14198170 0.09199117 0.98558560 0.00000000
-0.17722400 1.55229200 -0.23037710 1.00000000

0.99730770 -0.07298338 -0.00714487 0.00000000
-0.06612673 -0.93715090 0.34260140 0.00000000
-0.03169975 -0.34120670 -0.93945390 0.00000000
-0.09811133 1.56250400 -0.20735310 1.00000000

0.96448490 0.22377210 -0.14033970 0.00000000
-0.25779110 0.91323110 -0.31552000 0.00000000
0.05755803 0.34049260 0.93848390 0.00000000
-0.20665180 1.55557700 -0.19673950 1.00000000

0.99824330 0.05791164 0.01252350 0.00000000
0.04631944 -0.89455850 0.44454440 0.00000000
0.03694746 -0.44318330 -0.89566940 0.00000000
-0.12569340 1.57802500 -0.22933260 1.00000000

0.99578050 0.05008774 -0.07689500 0.00000000
-0.07889207 0.89527010 -0.43848340 0.00000000
0.04687899 0.44269960 0.89544370 0.00000000
-0.15202240 1.57946900 -0.23331980 1.00000000

0.98340460 0.06673115 -0.16870800 0.00000000
-0.14019580 0.86973350 -0.47319000 0.00000000
0.11515430 0.48898950 0.86465540 0.00000000
-0.17914200 1.57752900 -0.22457420 1.00000000

0.99736400 0.02175067 -0.06922475 0.00000000
0.04691710 -0.92106920 0.38656220 0.00000000
-0.05535263 -0.38879110 -0.91966180 0.00000000
-0.13485290 1.60436200 -0.23075050 1.00000000

0.99736400 0.02175067 -0.06922475 0.00000000
-0.04691713 0.92106930 -0.38656210 0.00000000
0.05535263 0.38879110 0.91966180 0.00000000
-0.15467240 1.59500500 -0.24449360 1.00000000

0.99736400 0.02175067 -0.06922475 0.00000000
-0.04691713 0.92106930 -0.38656210 0.00000000
0.05535263 0.38879110 0.91966180 0.00000000
-0.17284550 1.60334200 -0.22806120 1.00000000

0.99738010 0.02135570 -0.06911719 0.00000000
-0.03882204 0.96420670 -0.26229470 0.00000000
0.06104153 0.26429090 0.96250950 0.00000000
-0.15080220 1.69001800 -0.15928290 1.00000000

0.34273590 -0.89789210 0.27626410 0.00000000
0.50701840 -0.07077066 -0.85902510 0.00000000
0.79086310 0.43448970 0.43099200 0.00000000
-0.09251606 1.43973800 0.03620190 1.00000000

-0.19147630 -0.78990590 -0.58256830 0.00000000
0.80231570 0.21592570 -0.55647610 0.00000000
0.56535520 -0.57395570 0.59240910 0.00000000
-0.20603900 1.45559200 0.22853190 1.00000000

-0.09710072 -0.77508140 -0.62435600 0.00000000
0.02965266 -0.62929480 0.77660080 0.00000000
-0.99483290 0.05689459 0.08408818 0.00000000
-0.44590660 1.39103500 0.39489900 1.00000000

0.98821600 0.14774360 0.04000932 0.00000000
0.08849099 -0.76473020 0.63824540 0.00000000
0.12489300 -0.62718380 -0.76879260 0.00000000
-0.45335530 1.54909800 0.19983790 1.00000000

-0.98856930 -0.01270505 -0.15023170 0.00000000
0.12489300 -0.62718380 -0.76879260 0.00000000
-0.08445530 -0.77876780 0.62160150 0.00000000
-0.41524250 1.67721500 0.16004470 1.00000000

0.64892710 -0.59583880 0.47314880 0.00000000
-0.76029450 -0.53158630 0.37332060 0.00000000
0.02908042 -0.60199030 -0.79797360 0.00000000
-0.46937780 1.69690400 0.16628540 1.00000000

-0.40240940 -0.73712100 0.54288070 0.00000000
-0.91485310 0.30221980 -0.26778130 0.00000000
0.03331774 -0.60441380 -0.79597350 0.00000000
-0.42758700 1.72612400 0.14576500 1.00000000

0.67461750 -0.55903920 0.48204390 0.00000000
-0.73351320 -0.58090520 0.35285600 0.00000000
0.08276135 -0.59162840 -0.80195140 0.00000000
-0.46563140 1.66994500 0.13070050 1.00000000

-0.57088040 -0.68865000 0.44705390 0.00000000
-0.81636570 0.41813190 -0.39838760 0.00000000
0.08742213 -0.59239110 -0.80089320 0.00000000
-0.42323600 1.70250100 0.11110430 1.00000000

0.60470840 -0.54841080 0.57755770 0.00000000
-0.78573780 -0.52930460 0.32008250 0.00000000
0.13016720 -0.64736570 -0.75098200 0.00000000
-0.45571580 1.64339500 0.09841705 1.00000000

-0.57858710 -0.66468300 0.47268750 0.00000000
-0.80516660 0.37298030 -0.46107740 0.00000000
0.13016730 -0.64736570 -0.75098200 0.00000000
-0.41323520 1.67201300 0.08111193 1.00000000

0.51302470 -0.54826350 0.66046390 0.00000000
-0.82059330 -0.53902040 0.18995680 0.00000000
0.25185710 -0.63942480 -0.72643220 0.00000000
-0.44639570 1.62052700 0.07269948 1.00000000

-0.63100270 -0.67811880 0.37681660 0.00000000
-0.73177890 0.35902320 -0.57931140 0.00000000
0.25755610 -0.64129350 -0.72277750 0.00000000
-0.40519660 1.64690100 0.06380340 1.00000000

0.04270607 -0.01225047 -0.99901250 0.00000000
-0.94434250 -0.32694920 -0.03635994 0.00000000
-0.32618100 0.94496270 -0.02553142 0.00000000
-0.43883430 1.64981500 0.22664220 1.00000000

-0.81414500 -0.26493690 -0.51669780 0.00000000
-0.51885540 -0.06756281 0.85218790 0.00000000
-0.26068570 0.96189600 -0.08245832 0.00000000
-0.38268010 1.66930400 0.23054010 1.00000000

0.75779860 -0.49249190 -0.42801070 0.00000000
0.02965266 -0.62929480 0.77660080 0.00000000
-0.65181450 -0.60119880 -0.46227500 0.00000000
-0.44930730 1.46317700 0.30586700 1.00000000

0.48997460 -0.80089500 0.34422700 0.00000000
0.78547200 0.23434100 -0.57281610 0.00000000
0.37809900 0.55104610 0.74390150 0.00000000
-0.20603920 1.45559200 0.22853190 1.00000000

0.30448830 -0.94990970 0.07041796 0.00000000
0.80231570 0.21592570 -0.55647610 0.00000000
0.51339700 0.22593800 0.82787420 0.00000000
-0.35847940 1.41456400 0.33426100 1.00000000

0.73297010 -0.61855330 -0.28310230 0.00000000
0.15439790 0.55657620 -0.81632360 0.00000000
0.66250750 0.55463020 0.50345690 0.00000000
-0.21915830 1.49514000 0.20548800 1.00000000

0.99484610 -0.10139720 -0.00001004 0.00000000
0.10139710 0.99484600 0.00000393 0.00000000
0.00000954 -0.00000494 1.00000000 0.00000000
-0.14115900 0.89704530 0.12398060 1.00000000

1.00000000 0.00000000 0.00000000 0.00000000
0.00000000 1.00000000 0.00000000 0.00000000
0.00000000 0.00000000 1.00000000 0.00000000
0.00000000 0.00000000 0.00000000 1.00000000

1.00000000 0.00000000 0.00000000 0.00000000
0.00000000 1.00000000 0.00000000 0.00000000
0.00000000 0.00000000 1.00000000 0.00000000
0.00000000 0.00000000 0.00000000 1.00000000

0.54852900 0.04019347 -0.83516500 0.00000000
-0.02385531 0.99918960 0.03241942 0.00000000
0.83579120 0.00214012 0.54904340 0.00000000
-0.00906165 0.85607220 0.01882632 1.00000000

0.94570170 0.26394070 0.18969420 0.00000000
0.30903550 -0.91099330 -0.27310950 0.00000000
0.10072510 0.31690220 -0.94309480 0.00000000
0.05987696 0.83033670 -0.09581435 1.00000000

0.94570170 0.26394070 0.18969420 0.00000000
0.21126300 -0.94265860 0.25838580 0.00000000
0.24701500 -0.20428060 -0.94723470 0.00000000
0.19596210 0.42917700 -0.21607930 1.00000000

0.99158280 0.06415655 -0.11246110 0.00000000
0.06380488 -0.99794000 -0.00672813 0.00000000
-0.11266130 -0.00050411 -0.99363360 0.00000000
0.26334690 0.12850490 -0.13366410 1.00000000

0.99194030 0.06032487 -0.11142460 0.00000000
0.06518374 -0.99705180 0.04048719 0.00000000
-0.10865380 -0.04742406 -0.99294810 0.00000000
0.25455800 0.02446026 -0.27051200 1.00000000

0.55300580 -0.25431230 -0.79341660 0.00000000
0.34840630 0.93560580 -0.05705118 0.00000000
0.75683400 -0.24488170 0.60599960 0.00000000
-0.08550978 0.81968310 0.12554460 1.00000000

0.55300270 -0.25432070 -0.79341610 0.00000000
-0.22137080 0.87319890 -0.43418740 0.00000000
0.80323300 0.41574590 0.42658220 0.00000000
-0.23893170 0.40768580 0.15066740 1.00000000

0.44377660 -0.10318100 -0.89017750 0.00000000
0.06056250 0.99453130 -0.08508478 0.00000000
0.89408860 -0.01615275 0.44759870 0.00000000
-0.16832310 0.12916840 0.28915690 1.00000000

0.43444200 -0.10434020 -0.89463590 0.00000000
-0.03792873 0.99026700 -0.13391210 0.00000000
0.89990090 0.09210936 0.42625630 0.00000000
-0.29714020 0.02776122 0.23669190 1.00000000

0.56102110 0.03020989 -0.82725010 0.00000000
-0.03364978 0.99934010 0.01367387 0.00000000
0.82711730 0.02016545 0.56166750 0.00000000
-0.00975099 0.99237370 0.02493326 1.00000000

0.59037970 0.00447727 -0.80711330 0.00000000
-0.12472870 0.98847820 -0.08575209 0.00000000
0.79743000 0.15129650 0.58413600 0.00000000
-0.01555659 1.16478900 0.02729237 1.00000000

0.62360270 -0.01108288 -0.78166280 0.00000000
-0.41058020 0.84624230 -0.33955530 0.00000000
0.66523950 0.53268280 0.52316870 0.00000000
-0.03025977 1.35188900 0.01757531 1.00000000

-0.24330380 0.85067490 -0.46599930 0.00000000
0.55812920 -0.27014260 -0.78454750 0.00000000
-0.79328120 -0.45097120 -0.40906000 0.00000000
-0.02411598 1.43779600 -0.05971416 1.00000000

0.08764759 0.59787920 -0.79678010 0.00000000
-0.18990430 -0.77516060 -0.60254670 0.00000000
-0.97788260 0.20412370 0.04559895 0.00000000
0.10084880 1.37731100 -0.23537380 1.00000000

0.06874943 0.55956360 -0.82593120 0.00000000
-0.95051750 -0.21467980 -0.22456430 0.00000000
-0.30296870 0.80050060 0.51711600 0.00000000
0.04407428 1.14556600 -0.41551430 1.00000000

0.09675264 0.72716540 -0.67960990 0.00000000
-0.99484630 0.04984570 -0.08829767 0.00000000
-0.03033140 0.68465020 0.72824070 0.00000000
-0.19467100 1.09164400 -0.47191890 1.00000000

0.07635182 -0.71436640 0.69559390 0.00000000
-0.11702650 0.68638800 0.71775770 0.00000000
-0.99018940 -0.13620510 -0.03119293 0.00000000
-0.32311650 1.15198300 -0.34575080 1.00000000

-0.81939320 0.47219610 -0.32500090 0.00000000
-0.56187810 -0.54931870 0.61849970 0.00000000
0.11352410 0.68940530 0.71542490 0.00000000
-0.33237690 1.14220500 -0.43056600 1.00000000

-0.85530910 -0.29949020 0.42279070 0.00000000
0.50631150 -0.65634170 0.55934290 0.00000000
0.10997750 0.69247470 0.71301040 0.00000000
-0.36326120 1.11201100 -0.39656960 1.00000000

-0.79114080 0.48859100 -0.36793390 0.00000000
-0.59632130 -0.48239890 0.64163260 0.00000000
0.13600490 0.72702840 0.67300250 0.00000000
-0.33260960 1.11290500 -0.46445670 1.00000000

-0.81592170 -0.30208290 0.49296860 0.00000000
0.56234180 -0.61274230 0.55526450 0.00000000
0.13432670 0.73026910 0.66982360 0.00000000
-0.36579510 1.08500500 -0.42755600 1.00000000

-0.83635030 0.36278820 -0.41097820 0.00000000
-0.54760750 -0.51817570 0.65697810 0.00000000
0.02538496 0.77451850 0.63204210 0.00000000
-0.33118450 1.08030200 -0.49239280 1.00000000

-0.86990000 -0.29441430 0.39572010 0.00000000
0.49257470 -0.55985840 0.66627980 0.00000000
0.02538496 0.77451850 0.63204210 0.00000000
-0.36079090 1.05228700 -0.45687320 1.00000000

-0.77633010 0.40475460 -0.48320320 0.00000000
-0.61742170 -0.33397680 0.71221480 0.00000000
0.12689370 0.85125370 0.50918070 0.00000000
-0.32869000 1.05256100 -0.51465260 1.00000000

-0.89543700 -0.12264510 0.42796130 0.00000000
0.42763190 -0.50425450 0.75023890 0.00000000
0.12378830 0.85480160 0.50397530 0.00000000
-0.35876070 1.03565600 -0.47884540 1.00000000

0.86571750 0.15800400 0.47494000 0.00000000
-0.28089370 -0.63200320 0.72226790 0.00000000
0.41428480 -0.75868770 -0.50275410 0.00000000
-0.26218070 1.12840900 -0.39651940 1.00000000

-0.03674161 -0.53249080 0.84563830 0.00000000
-0.99139090 -0.08699720 -0.09785604 0.00000000
0.12567580 -0.84195330 -0.52471020 0.00000000
-0.27740400 1.09105200 -0.35269020 1.00000000

0.03254986 0.65004000 -0.75920250 0.00000000
-0.95051750 -0.21467980 -0.22456430 0.00000000
-0.30896120 0.72894480 0.61088680 0.00000000
-0.06489120 1.12095600 -0.44125780 1.00000000

-0.56890900 0.58706070 -0.57593580 0.00000000
-0.18990430 -0.77516060 -0.60254670 0.00000000
-0.80017440 -0.23342150 0.55248130 0.00000000
0.10084880 1.37731100 -0.23537380 1.00000000

-0.36972260 0.62499850 -0.68751880 0.00000000
-0.18990430 -0.77516060 -0.60254670 0.00000000
-0.90952830 -0.09221229 0.40528430 0.00000000
0.06476702 1.23003000 -0.34985770 1.00000000

0.04050186 0.35652260 -0.93340840 0.00000000
0.56707350 -0.77735140 -0.27230940 0.00000000
-0.82267080 -0.51828210 -0.23365870 0.00000000
0.09725099 1.41079500 -0.28995230 1.00000000

-0.34107350 0.34312150 0.87517800 0.00000000
-0.42030770 0.77709570 -0.46846950 0.00000000
-0.84083900 -0.52762650 -0.12083030 0.00000000
-0.10535950 1.50401000 -0.04449536 1.00000000

0.99737070 0.04228649 -0.05884993 0.00000000
-0.05608011 0.96472150 -0.25722970 0.00000000
0.04589656 0.25985360 0.96455670 0.00000000
-0.15631690 1.59822400 -0.10129180 1.00000000

0.99737070 0.04228649 -0.05884993 0.00000000
-0.05608011 0.96472150 -0.25722970 0.00000000
0.04589656 0.25985360 0.96455670 0.00000000
-0.16485950 1.62019300 -0.23028150 1.00000000

0.96273310 -0.26913240 0.02669519 0.00000000
-0.25767250 -0.88277490 0.39282750 0.00000000
-0.08215669 -0.38506670 -0.91922490 0.00000000
-0.11131010 1.61912500 -0.20900320 1.00000000

0.95100990 0.28415450 -0.12180370 0.00000000
-0.30889900 0.88953950 -0.33660160 0.00000000
0.01270238 0.35773650 0.93373620 0.00000000
-0.21637600 1.61278300 -0.20134650 1.00000000

0.99737070 0.04228645 -0.05885008 0.00000000
0.05608011 -0.96472150 0.25722970 0.00000000
-0.04589659 -0.25985360 -0.96455670 0.00000000
-0.12683020 1.63801300 -0.20424090 1.00000000

0.99737070 0.04228649 -0.05884993 0.00000000
-0.05608011 0.96472150 -0.25722970 0.00000000
0.04589656 0.25985360 0.96455670 0.00000000
-0.20093530 1.63487000 -0.19986800 1.00000000

0.96961720 0.17757870 -0.16825000 0.00000000
0.21555910 -0.94540200 0.24443650 0.00000000
-0.11565710 -0.27327750 -0.95495700 0.00000000
-0.14835110 1.63399000 -0.24156550 1.00000000

0.98385990 0.15541640 -0.08868456 0.00000000
-0.17295310 0.95305900 -0.24852660 0.00000000
0.04589656 0.25985360 0.96455670 0.00000000
-0.18027200 1.63411700 -0.24117490 1.00000000

0.99339340 0.06018113 0.09771135 0.00000000
0.05545817 -0.99719040 0.05035551 0.00000000
0.10046730 -0.04460397 -0.99394020 0.00000000
-0.09866650 1.65654200 -0.22976430 1.00000000

0.98729470 0.03064672 -0.15591670 0.00000000
-0.05101981 0.99041000 -0.12839360 0.00000000
0.15048670 0.13471700 0.97939010 0.00000000
-0.23351120 1.65177500 -0.22315660 1.00000000

0.98466450 0.15092120 -0.08751184 0.00000000
0.16841020 -0.95322280 0.25100650 0.00000000
-0.04553598 -0.26189500 -0.96402160 0.00000000
-0.12684860 1.63822900 -0.20439630 1.00000000

0.99732600 -0.06688883 -0.02943563 0.00000000
0.05497666 0.95209550 -0.30081810 0.00000000
0.04814696 0.29839540 0.95322720 0.00000000
-0.20093680 1.63486200 -0.19989850 1.00000000

0.99371660 0.10714600 -0.03235298 0.00000000
-0.11175200 0.96585670 -0.23373540 0.00000000
0.00620464 0.23588220 0.97176180 0.00000000
-0.15895910 1.60447800 -0.14157590 1.00000000

0.94022800 0.34035730 -0.01130831 0.00000000
0.33997190 -0.93620160 0.08913679 0.00000000
0.01975146 -0.08765344 -0.99595520 0.00000000
-0.13233220 1.55444400 -0.23385880 1.00000000

0.99347430 0.10922120 -0.03285521 0.00000000
-0.11225640 0.98732050 -0.11223530 0.00000000
0.02018017 0.11519100 0.99313840 0.00000000
-0.15917540 1.56819500 -0.24193450 1.00000000

0.98341330 -0.13844310 -0.11718180 0.00000000
0.12631920 0.98638900 -0.10526200 0.00000000
0.13015960 0.08871357 0.98751620 0.00000000
-0.18628930 1.55047100 -0.22928900 1.00000000

0.99862160 -0.05242056 0.00254583 0.00000000
-0.05022356 -0.94044010 0.33622900 0.00000000
-0.01523104 -0.33589350 -0.94177700 0.00000000
-0.10763900 1.56216300 -0.20540110 1.00000000

0.96102510 0.24442610 -0.12917580 0.00000000
-0.27338760 0.90969760 -0.31258530 0.00000000
0.04110694 0.33571730 0.94106530 0.00000000
-0.21611450 1.55294000 -0.19593290 1.00000000

0.99666080 0.07834020 0.02301523 0.00000000
0.06029204 -0.89618470 0.43956530 0.00000000
0.05506143 -0.43670980 -0.89791580 0.00000000
-0.13531330 1.57725200 -0.22756520 1.00000000

0.99525710 0.07102776 -0.06646949 0.00000000
-0.09293157 0.89618860 -0.43383140 0.00000000
0.02875519 0.43795080 0.89853890 0.00000000
-0.16162510 1.57817900 -0.23181090 1.00000000

0.98346250 0.08798815 -0.15830090 0.00000000
-0.15334450 0.86961520 -0.46931300 0.00000000
0.09636706 0.48582640 0.86872670 0.00000000
-0.18878540 1.57562700 -0.22335330 1.00000000

0.99734770 0.04268172 -0.05895531 0.00000000
0.06201799 -0.92231390 0.38143260 0.00000000
-0.03809497 -0.38407710 -0.92251470 0.00000000
-0.14499910 1.60340300 -0.22891650 1.00000000

0.99734770 0.04268172 -0.05895531 0.00000000
-0.06201795 0.92231390 -0.38143260 0.00000000
0.03809500 0.38407700 0.92251480 0.00000000
-0.16448270 1.59372700 -0.24291670 1.00000000

0.99734770 0.04268172 -0.05895531 0.00000000
-0.06201795 0.92231390 -0.38143260 0.00000000
0.03809500 0.38407700 0.92251480 0.00000000
-0.18298780 1.60158500 -0.22661960 1.00000000

0.99737070 0.04228649 -0.05884993 0.00000000
-0.05606109 0.96482910 -0.25683020 0.00000000
0.04591972 0.25945410 0.96466310 0.00000000
-0.16342740 1.68826400 -0.15709720 1.00000000

0.35162460 -0.89212640 0.28367280 0.00000000
0.51612780 -0.06805931 -0.85380340 0.00000000
0.78100720 0.44662960 0.43652000 0.00000000
-0.10305360 1.43919500 0.03923617 1.00000000

-0.19993340 -0.78149990 -0.59100330 0.00000000
0.77923740 0.23883860 -0.57943510 0.00000000
0.59398280 -0.57638040 0.56122220 0.00000000
-0.21861610 1.45444100 0.23039690 1.00000000

-0.10458580 -0.76382430 -0.63689430 0.00000000
0.00414223 -0.64073540 0.76775070 0.00000000
-0.99450730 0.07765775 0.07017565 0.00000000
-0.45158420 1.38303400 0.40362820 1.00000000

0.98909300 0.14306900 0.03502145 0.00000000
0.08940804 -0.77212130 0.62915380 0.00000000
0.11705330 -0.61916050 -0.77649140 0.00000000
