MeshAnim
1
35
79
30
0.74545310 0.03277162 -0.66575190 0.00000000
-0.08392826 0.99545630 -0.04497452 0.00000000
0.66125310 0.08940181 0.74481650 0.00000000
0.01312186 0.86465350 0.00102533 1.00000000

0.97118690 0.20137500 0.12745290 0.00000000
0.23140880 -0.92469070 -0.30232030 0.00000000
0.05697456 0.32310320 -0.94464730 0.00000000
0.11096340 0.83758100 -0.08981209 1.00000000

0.97118690 0.20137500 0.12745290 0.00000000
0.15902400 -0.94591120 0.28277880 0.00000000
0.17750350 -0.25436300 -0.95067990 0.00000000
0.21286530 0.43038950 -0.22294010 1.00000000

0.99132810 0.06231830 -0.11569310 0.00000000
0.06203513 -0.99805580 -0.00605083 0.00000000
-0.11584540 -0.00117872 -0.99326680 0.00000000
0.26358780 0.12868010 -0.13274450 1.00000000

0.99116860 0.06228925 -0.11706690 0.00000000
0.06660189 -0.99722440 0.03329090 0.00000000
-0.11466840 -0.04079388 -0.99256610 0.00000000
0.25417830 0.02453077 -0.26947160 1.00000000

0.52401640 -0.29522780 -0.79890380 0.00000000
0.29523210 0.94280860 -0.15475800 0.00000000
0.79890230 -0.15476630 0.58120790 0.00000000
-0.08661766 0.82889450 0.08664428 1.00000000

0.52401450 -0.29523400 -0.79890290 0.00000000
-0.15297220 0.89012210 -0.42928110 0.00000000
0.83785940 0.34715940 0.42127420 0.00000000
-0.21662410 0.41372540 0.15479260 1.00000000

0.44429870 -0.10249560 -0.88999620 0.00000000
0.05992603 0.99460910 -0.08462720 0.00000000
0.89387230 -0.01573420 0.44804580 0.00000000
-0.16783200 0.12981020 0.29171720 1.00000000

0.43528010 -0.10270190 -0.89441800 0.00000000
-0.03788717 0.99050240 -0.13217310 0.00000000
0.89949750 0.09141927 0.42725490 0.00000000
-0.29655320 0.02833754 0.23914330 1.00000000

0.57907630 -0.14419930 -0.80241960 0.00000000
-0.03839955 0.97831730 -0.20352070 0.00000000
0.81436860 0.14866650 0.56098320 0.00000000
0.00052236 1.00030700 -0.00641113 1.00000000

0.59664370 -0.11065910 -0.79484020 0.00000000
-0.08588547 0.97595390 -0.20034370 0.00000000
0.79789730 0.18779900 0.57279280 0.00000000
-0.00610271 1.16909500 -0.04152448 1.00000000

0.60181370 -0.43103850 -0.67232890 0.00000000
-0.26368050 0.68739810 -0.67672470 0.00000000
0.75385200 0.58454220 0.30002920 0.00000000
-0.01351334 1.35424400 -0.07286392 1.00000000

-0.08079726 0.85327510 -0.51516340 0.00000000
0.76019840 -0.28152680 -0.58552650 0.00000000
-0.64464730 -0.43893530 -0.62591170 0.00000000
0.00624936 1.39874200 -0.17784310 1.00000000

0.32854100 0.57156320 -0.75191520 0.00000000
0.38816760 -0.80747680 -0.44419270 0.00000000
-0.86103810 -0.14593350 -0.48715150 0.00000000
0.17645360 1.33571000 -0.30893280 1.00000000

0.32730580 0.57141010 -0.75257000 0.00000000
-0.15741490 -0.75233650 -0.63969550 0.00000000
-0.93171430 0.32784160 -0.15629540 0.00000000
0.29250170 1.09430400 -0.44173070 1.00000000

0.58406700 0.33458380 -0.73954030 0.00000000
-0.39837160 -0.67566260 -0.62030640 0.00000000
-0.70722400 0.65691230 -0.26134310 0.00000000
0.25296320 0.90533710 -0.60240550 1.00000000

-0.50601700 -0.21217320 0.83602000 0.00000000
-0.70722400 0.65691230 -0.26134310 0.00000000
-0.49374180 -0.72349740 -0.48246290 0.00000000
0.14120990 0.83541650 -0.64792800 1.00000000

-0.48537780 -0.51732640 -0.70482760 0.00000000
-0.57619890 -0.41704580 0.70289970 0.00000000
-0.65757380 0.74729270 -0.09565797 0.00000000
0.14738250 0.85724510 -0.70124470 1.00000000

-0.29047640 -0.12967040 0.94805560 0.00000000
0.69343140 0.65420540 0.30194070 0.00000000
-0.65937570 0.74511800 -0.10011360 0.00000000
0.11571100 0.83432170 -0.66260900 1.00000000

-0.42428900 -0.69022920 -0.58614220 0.00000000
-0.56686430 -0.30231590 0.76633560 0.00000000
-0.70614710 0.65741040 -0.26299680 0.00000000
0.17931200 0.82723780 -0.69190820 1.00000000

-0.26807410 0.10189940 0.95799410 0.00000000
0.65508940 0.74840010 0.10370730 0.00000000
-0.70639510 0.65537270 -0.26737980 0.00000000
0.14742210 0.81071140 -0.64773540 1.00000000

-0.44726580 -0.84294970 -0.29898010 0.00000000
-0.43135810 -0.08953200 0.89772740 0.00000000
-0.78350720 0.53049020 -0.32356830 0.00000000
0.20706890 0.79803730 -0.67699910 1.00000000

-0.27437700 0.17185140 0.94614200 0.00000000
0.55752470 0.83008860 0.01090750 0.00000000
-0.78350720 0.53049020 -0.32356850 0.00000000
0.18374750 0.79319670 -0.62846340 1.00000000

-0.50162860 -0.86192850 -0.07381088 0.00000000
-0.41170700 0.16282230 0.89665320 0.00000000
-0.76083260 0.48017520 -0.43653790 0.00000000
0.22997020 0.77453800 -0.66304870 1.00000000

-0.11372880 0.57093190 0.81308230 0.00000000
0.63657830 0.67020570 -0.38156610 0.00000000
-0.76278030 0.47419540 -0.43966430 0.00000000
0.20988380 0.78333440 -0.61842440 1.00000000

-0.46074940 0.67380950 -0.57765980 0.00000000
-0.79565620 -0.60197090 -0.06754044 0.00000000
-0.39324420 0.42849940 0.81347880 0.00000000
0.15191790 0.90678400 -0.63958160 1.00000000

-0.91295350 -0.40270090 -0.06593835 0.00000000
0.32939420 -0.82264230 0.46342090 0.00000000
-0.24086400 0.40136210 0.88368180 0.00000000
0.10374370 0.87211010 -0.64460530 1.00000000

0.49193600 0.50193810 -0.71137690 0.00000000
-0.15741490 -0.75233650 -0.63969550 0.00000000
-0.85628220 0.42667070 -0.29108870 0.00000000
0.27445590 1.00805800 -0.51506410 1.00000000

0.04985219 0.50714040 -0.86042050 0.00000000
0.38675190 -0.80408170 -0.45152590 0.00000000
-0.92083540 -0.31025980 -0.23622280 0.00000000
0.17645360 1.33571000 -0.30893280 1.00000000

0.06200337 0.50377540 -0.86160670 0.00000000
0.38816760 -0.80747680 -0.44419270 0.00000000
-0.91950080 -0.30690640 -0.24561540 0.00000000
0.25020540 1.18228900 -0.39332950 1.00000000

0.32003170 0.35319270 -0.87911020 0.00000000
0.60917020 -0.78737970 -0.09457631 0.00000000
-0.72559710 -0.50526030 -0.46714090 0.00000000
0.20268860 1.36641900 -0.37938830 1.00000000

0.93281080 -0.07344866 -0.35280200 0.00000000
-0.26617200 0.51954970 -0.81192400 0.00000000
0.24293280 0.85127750 0.46509180 0.00000000
-0.06220106 1.47760000 -0.19553010 1.00000000

0.99704170 0.03528743 -0.06828317 0.00000000
-0.04362219 0.99123500 -0.12470100 0.00000000
0.06328428 0.12731080 0.98984190 0.00000000
-0.09447134 1.54059000 -0.29396670 1.00000000

0.99704170 0.03528743 -0.06828317 0.00000000
-0.04362219 0.99123500 -0.12470100 0.00000000
0.06328428 0.12731080 0.98984190 0.00000000
-0.10440140 1.57979900 -0.41869830 1.00000000

0.95842860 -0.28425960 -0.02471524 0.00000000
-0.26686240 -0.92367810 0.27496130 0.00000000
-0.10098920 -0.25693520 -0.96113780 0.00000000
-0.05059282 1.57510500 -0.39859740 1.00000000

0.95383250 0.28406640 -0.09751794 0.00000000
-0.29870390 0.93107610 -0.20945910 0.00000000
0.03129625 0.22891770 0.97294270 0.00000000
-0.15563550 1.56932200 -0.39021330 1.00000000

0.99704160 0.03528738 -0.06828329 0.00000000
0.04362219 -0.99123500 0.12470100 0.00000000
-0.06328443 -0.12731080 -0.98984190 0.00000000
-0.06573267 1.59340600 -0.39110380 1.00000000

0.99704170 0.03528743 -0.06828317 0.00000000
-0.04362219 0.99123500 -0.12470100 0.00000000
0.06328428 0.12731080 0.98984190 0.00000000
-0.13981330 1.59078300 -0.38603030 1.00000000

0.97004370 0.18443160 -0.15811480 0.00000000
0.20321000 -0.97269540 0.11211350 0.00000000
-0.13312030 -0.14088540 -0.98103540 0.00000000
-0.08782223 1.59474300 -0.42828880 1.00000000

0.98499800 0.15158320 -0.08247083 0.00000000
-0.16054290 0.98021140 -0.11580810 0.00000000
0.06328428 0.12731080 0.98984190 0.00000000
-0.11972830 1.59528200 -0.42738420 1.00000000

0.99548800 0.03205714 0.08930662 0.00000000
0.03965321 -0.99562390 -0.08462293 0.00000000
0.08620328 0.08778249 -0.99240300 0.00000000
-0.03761598 1.61478200 -0.41435210 1.00000000

0.98545680 0.03693241 -0.16586430 0.00000000
-0.03638812 0.99931770 0.00632031 0.00000000
0.16598430 -0.00019287 0.98612840 0.00000000
-0.17241890 1.61113400 -0.40632940 1.00000000

0.98574400 0.14695990 -0.08192387 0.00000000
0.15603200 -0.98064050 0.11831450 0.00000000
-0.06295034 -0.12941060 -0.98959100 0.00000000
-0.06574953 1.59364100 -0.39122870 1.00000000

0.99559280 -0.07683611 -0.05376935 0.00000000
0.06660839 0.98296040 -0.17132440 0.00000000
0.06601715 0.16698780 0.98374640 0.00000000
-0.13981530 1.59077900 -0.38606150 1.00000000

0.99482020 0.09604871 -0.03327861 0.00000000
-0.09894340 0.99001570 -0.10039670 0.00000000
0.02330327 0.10316920 0.99439070 0.00000000
-0.09755681 1.55223200 -0.33300280 1.00000000

0.94548300 0.32507690 0.01966843 0.00000000
0.32563660 -0.94454010 -0.04248360 0.00000000
0.00476736 0.04657231 -0.99890360 0.00000000
-0.07301657 1.51465900 -0.43156500 1.00000000

0.99460530 0.09817579 -0.03349426 0.00000000
-0.09744229 0.99497820 0.02287698 0.00000000
0.03557202 -0.01948981 0.99917720 0.00000000
-0.09973609 1.52975900 -0.43730280 1.00000000

0.97930880 -0.13575240 -0.15008490 0.00000000
0.14115810 0.98964760 0.02592070 0.00000000
0.14501230 -0.04657022 0.98833320 0.00000000
-0.12696480 1.51089400 -0.42672340 1.00000000

0.99756180 -0.06681289 -0.02016160 0.00000000
-0.06118266 -0.97623500 0.20789900 0.00000000
-0.03357285 -0.20615850 -0.97794280 0.00000000
-0.04781480 1.51812700 -0.40272030 1.00000000

0.96308900 0.24554580 -0.11030420 0.00000000
-0.26254110 0.94730860 -0.18351750 0.00000000
0.05943009 0.20570290 0.97680830 0.00000000
-0.15628930 1.50929600 -0.39287380 1.00000000

0.99804000 0.06003054 0.01767638 0.00000000
0.05144279 -0.94786630 0.31448850 0.00000000
0.03563374 -0.31296270 -0.94909680 0.00000000
-0.07553461 1.53645600 -0.42222540 1.00000000

0.99529990 0.06481908 -0.07194775 0.00000000
-0.08399686 0.94757520 -0.30829470 0.00000000
0.04819268 0.31288910 0.94856630 0.00000000
-0.10188280 1.53832800 -0.42589540 1.00000000

0.98254070 0.09412440 -0.16048150 0.00000000
-0.14531710 0.92688780 -0.34606610 0.00000000
0.11617500 0.36334480 0.92438290 0.00000000
-0.12896410 1.53505900 -0.41743130 1.00000000

0.99702360 0.03569349 -0.06833425 0.00000000
0.05194678 -0.96597660 0.25335860 0.00000000
-0.05696586 -0.25615420 -0.96495600 0.00000000
-0.08480455 1.56269000 -0.41990760 1.00000000

0.99702360 0.03569349 -0.06833425 0.00000000
-0.05194674 0.96597680 -0.25335850 0.00000000
0.05696589 0.25615410 0.96495590 0.00000000
-0.10463370 1.55526600 -0.43477100 1.00000000

0.99702360 0.03569349 -0.06833425 0.00000000
-0.05194674 0.96597680 -0.25335850 0.00000000
0.05696589 0.25615410 0.96495590 0.00000000
-0.12278330 1.56113400 -0.41727960 1.00000000

0.99704170 0.03528743 -0.06828317 0.00000000
-0.04359600 0.99128760 -0.12429110 0.00000000
0.06330231 0.12690020 0.98989360 0.00000000
-0.10085070 1.63740000 -0.33708260 1.00000000

0.30365390 -0.86213160 0.40561490 0.00000000
0.41161530 -0.26523770 -0.87190710 0.00000000
0.85928290 0.43171530 0.27432610 0.00000000
-0.06082902 1.44344000 -0.11399670 1.00000000

-0.30411770 -0.74165170 -0.59788390 0.00000000
0.51306280 0.40129740 -0.75876670 0.00000000
0.80266990 -0.53750650 0.25847230 0.00000000
-0.15298030 1.50268400 0.08126200 1.00000000

-0.30297190 -0.74229300 -0.59767000 0.00000000
0.92579630 -0.37802250 0.00018930 0.00000000
-0.22607320 -0.55326330 0.80174220 0.00000000
-0.30501420 1.38376800 0.30610140 1.00000000

-0.02700531 -0.20452960 -0.97848790 0.00000000
0.91701040 -0.39473990 0.05720243 0.00000000
-0.39794780 -0.89573900 0.19821560 0.00000000
-0.53552400 1.47789000 0.30605520 1.00000000

-0.13548020 0.26318130 0.95518650 0.00000000
-0.35794180 -0.91196310 0.20050280 0.00000000
0.92386310 -0.31473680 0.21775640 0.00000000
-0.61742640 1.55175000 0.23703280 1.00000000

0.76929100 -0.61934480 -0.15685500 0.00000000
0.25871710 0.07750559 0.96283880 0.00000000
-0.58417190 -0.78128430 0.21985940 0.00000000
-0.63281750 1.59229200 0.28006370 1.00000000

0.54433800 -0.20297180 0.81394000 0.00000000
-0.62273060 0.55233290 0.55419790 0.00000000
-0.56205240 -0.80853640 0.17425890 0.00000000
-0.64703850 1.58803200 0.22713980 1.00000000

0.79237630 -0.55254630 -0.25851960 0.00000000
0.31677630 0.01052445 0.94844190 0.00000000
-0.52133730 -0.83341580 0.18337280 0.00000000
-0.65219060 1.55326700 0.29049750 1.00000000

0.46972470 -0.13826750 0.87191780 0.00000000
-0.72720030 0.49938230 0.47095310 0.00000000
-0.50053790 -0.85527740 0.13402410 0.00000000
-0.66944720 1.55217200 0.23625480 1.00000000

0.87093170 -0.40299850 -0.28119460 0.00000000
0.32580400 0.04517306 0.94435760 0.00000000
-0.36787210 -0.91408510 0.17064090 0.00000000
-0.66878210 1.51384500 0.29451020 1.00000000

0.56644990 -0.10613200 0.81723340 0.00000000
-0.74576470 0.35596030 0.56314060 0.00000000
-0.35066980 -0.92845480 0.12248400 0.00000000
-0.68639670 1.51140400 0.24345370 1.00000000

0.90869540 -0.35813710 -0.21450040 0.00000000
0.22243200 -0.01943986 0.97475450 0.00000000
-0.35326550 -0.93346670 0.06199616 0.00000000
-0.68120940 1.48051300 0.29691240 1.00000000

0.59828110 -0.19104830 0.77817770 0.00000000
-0.73440590 0.25768290 0.62789140 0.00000000
-0.32048050 -0.94715370 0.01385975 0.00000000
-0.69153090 1.48121700 0.24828010 1.00000000

-0.94632400 -0.27840300 -0.16420300 0.00000000
-0.10453860 -0.21708870 0.97053830 0.00000000
-0.30584740 0.93560930 0.17633250 0.00000000
-0.55748930 1.56825200 0.25680460 1.00000000

-0.05571061 -0.25362960 0.96569600 0.00000000
0.95423820 0.27109160 0.12624880 0.00000000
-0.29381230 0.92853750 0.22692070 0.00000000
-0.54962310 1.58166100 0.19930160 1.00000000

-0.19574540 -0.47981890 -0.85525290 0.00000000
0.92579630 -0.37802250 0.00018930 0.00000000
-0.32339560 -0.79175320 0.51821070 0.00000000
-0.41115000 1.42710300 0.30607920 1.00000000

0.67708340 -0.73524250 0.03124684 0.00000000
0.48929390 0.41806190 -0.76538610 0.00000000
0.54968130 0.53351900 0.64281240 0.00000000
-0.15298050 1.50268400 0.08126208 1.00000000

0.41939790 -0.88847840 -0.18631110 0.00000000
0.51306280 0.40129740 -0.75876670 0.00000000
0.74891400 0.22263590 0.62414850 0.00000000
-0.25046300 1.42643600 0.22542650 1.00000000

0.65459570 -0.72110480 -0.22696300 0.00000000
0.11089170 0.38856710 -0.91472330 0.00000000
0.74780160 0.57360560 0.33431880 0.00000000
-0.20519760 1.56312100 0.09946286 1.00000000

0.99039690 -0.13825290 -0.00000003 0.00000000
0.13825290 0.99039700 0.00000002 0.00000000
0.00000003 0.00000000 1.00000000 0.00000000
-0.14984020 0.90040180 0.06816300 1.00000000

1.00000000 0.00000000 0.00000000 0.00000000
0.00000000 1.00000000 0.00000000 0.00000000
0.00000000 0.00000000 1.00000000 0.00000000
0.00000000 0.00000000 0.00000000 1.00000000

1.00000000 0.00000000 0.00000000 0.00000000
0.00000000 1.00000000 0.00000000 0.00000000
0.00000000 0.00000000 1.00000000 0.00000000
0.00000000 0.00000000 0.00000000 1.00000000

0.74757610 0.04468627 -0.66267110 0.00000000
-0.09212454 0.99506620 -0.03682718 0.00000000
0.65775600 0.08857939 0.74800450 0.00000000
0.00853582 0.86482810 0.00265102 1.00000000

0.96969800 0.20476750 0.13325210 0.00000000
0.23599500 -0.92616920 -0.29413800 0.00000000
0.06318399 0.31667180 -0.94642850 0.00000000
0.10693230 0.83935120 -0.08804844 1.00000000

0.96969800 0.20476750 0.13325210 0.00000000
0.16445910 -0.95046200 0.26377130 0.00000000
0.18066280 -0.23386390 -0.95533690 0.00000000
0.21085370 0.43150870 -0.21757330 1.00000000

0.99144960 0.06267143 -0.11445510 0.00000000
0.06239199 -0.99803360 -0.00602592 0.00000000
-0.11460770 -0.00116665 -0.99341030 0.00000000
0.26330980 0.12834760 -0.13344040 1.00000000

0.99147080 0.06108229 -0.11512800 0.00000000
0.06560593 -0.99719910 0.03591759 0.00000000
-0.11261180 -0.04316432 -0.99270120 0.00000000
0.25410700 0.02420241 -0.27018460 1.00000000

0.52791500 -0.29024310 -0.79816340 0.00000000
0.29686450 0.94357300 -0.14676990 0.00000000
0.79572440 -0.15946430 0.58428930 0.00000000
-0.09121153 0.82750670 0.08759135 1.00000000

0.52791290 -0.29024960 -0.79816240 0.00000000
-0.16811460 0.88548210 -0.43319600 0.00000000
0.83249350 0.36287250 0.41866230 0.00000000
-0.22193680 0.41200100 0.15222200 1.00000000

0.44440550 -0.10299670 -0.88988510 0.00000000
0.06056404 0.99455000 -0.08486536 0.00000000
0.89377610 -0.01618037 0.44822140 0.00000000
-0.16831490 0.12956570 0.29039540 1.00000000

0.43519680 -0.10387080 -0.89432360 0.00000000
-0.03809442 0.99030880 -0.13355650 0.00000000
0.89952910 0.09219216 0.42702240 0.00000000
-0.29708930 0.02816039 0.23782220 1.00000000

0.58453450 -0.14093370 -0.79903510 0.00000000
-0.04228108 0.97816990 -0.20346020 0.00000000
0.81026650 0.15271360 0.56581520 0.00000000
-0.00517579 1.00043000 -0.00367946 1.00000000

0.60422400 -0.10561110 -0.78978460 0.00000000
-0.09231834 0.97522400 -0.20103630 0.00000000
0.79144840 0.19438250 0.57950390 0.00000000
-0.01247057 1.16919300 -0.03878242 1.00000000

0.61381880 -0.42365850 -0.66613800 0.00000000
-0.26536010 0.68398080 -0.67952500 0.00000000
0.74351220 0.59387170 0.30741830 0.00000000
-0.02115841 1.35427600 -0.07017862 1.00000000

-0.08322528 0.85159370 -0.51755370 0.00000000
0.77176550 -0.27348150 -0.57409580 0.00000000
-0.63043760 -0.44720950 -0.63447010 0.00000000
-0.00089512 1.39900000 -0.17496640 1.00000000

0.32794640 0.58336780 -0.74305680 0.00000000
0.39321420 -0.79947510 -0.45411730 0.00000000
-0.85897270 -0.14325440 -0.49157330 0.00000000
0.17189890 1.33776900 -0.30349690 1.00000000

0.32671360 0.58321790 -0.74371710 0.00000000
-0.16032720 -0.74129470 -0.65174960 0.00000000
-0.93142570 0.33217360 -0.14868540 0.00000000
0.28945570 1.09875600 -0.43926170 1.00000000

0.58216400 0.34960860 -0.73407010 0.00000000
-0.40620790 -0.65702910 -0.63506550 0.00000000
-0.70432980 0.66789730 -0.24048500 0.00000000
0.24918570 0.91256170 -0.60296420 1.00000000

-0.50278250 -0.23020540 0.83319590 0.00000000
-0.70432980 0.66789730 -0.24048500 0.00000000
-0.50112840 -0.70775630 -0.49794760 0.00000000
0.13672690 0.84454520 -0.64961990 1.00000000

-0.49263810 -0.49603110 -0.71502560 0.00000000
-0.57503910 -0.43115670 0.69529430 0.00000000
-0.65317550 0.75369600 -0.07283300 0.00000000
0.14274850 0.86768830 -0.70239680 1.00000000

-0.28609100 -0.15197540 0.94607370 0.00000000
0.69936130 0.64181770 0.31458620 0.00000000
-0.65501610 0.75164760 -0.07733238 0.00000000
0.11114090 0.84398930 -0.66417930 1.00000000

-0.43203130 -0.67229710 -0.60113720 0.00000000
-0.56460260 -0.31814660 0.76158170 0.00000000
-0.70325910 0.66843060 -0.24213130 0.00000000
0.17453160 0.83724810 -0.69401010 1.00000000

-0.26211600 0.07911631 0.96178790 0.00000000
0.66054580 0.74128870 0.11904040 0.00000000
-0.70354450 0.66650720 -0.24656360 0.00000000
0.14277810 0.81980390 -0.65009280 1.00000000

-0.45442630 -0.83215170 -0.31783770 0.00000000
-0.42698160 -0.10966170 0.89758630 0.00000000
-0.78178260 0.54359770 -0.30548030 0.00000000
0.20217810 0.80749890 -0.68000840 1.00000000

-0.26802500 0.14938720 0.95175960 0.00000000
0.56300910 0.82594530 0.02890962 0.00000000
-0.78178260 0.54359770 -0.30548030 0.00000000
0.17909330 0.80156990 -0.63148040 1.00000000

-0.50767060 -0.85652600 -0.09292093 0.00000000
-0.40568180 0.14250630 0.90283700 0.00000000
-0.76006130 0.49603980 -0.41982310 0.00000000
0.22500140 0.78350440 -0.66679220 1.00000000

-0.10549850 0.55069710 0.82801160 0.00000000
0.63884770 0.67563420 -0.36795640 0.00000000
-0.76206550 0.49015460 -0.42308990 0.00000000
0.20521930 0.79128690 -0.62184460 1.00000000

-0.45949690 0.69128580 -0.55766200 0.00000000
-0.79994790 -0.59493230 -0.07835340 0.00000000
-0.38593560 0.41009730 0.82636200 0.00000000
0.14794880 0.91560600 -0.63951710 1.00000000

-0.91592480 -0.39501940 -0.07100341 0.00000000
0.32654060 -0.83630680 0.44041190 0.00000000
-0.23335210 0.38019850 0.89498390 0.00000000
0.09952120 0.88138150 -0.64514990 1.00000000

0.48991890 0.51345470 -0.70451670 0.00000000
-0.16032720 -0.74129470 -0.65174960 0.00000000
-0.85689840 0.43225770 -0.28085350 0.00000000
0.27107610 1.01377500 -0.51397700 1.00000000

0.03811762 0.51509270 -0.85628660 0.00000000
0.39170830 -0.79603150 -0.46140960 0.00000000
-0.91929970 -0.31782670 -0.23210900 0.00000000
0.17189890 1.33776900 -0.30349690 1.00000000

0.05591208 0.51378020 -0.85609810 0.00000000
0.39321420 -0.79947510 -0.45411730 0.00000000
-0.91774550 -0.31123930 -0.24672610 0.00000000
0.24660960 1.18586900 -0.38977910 1.00000000

0.32856560 0.35570340 -0.87493990 0.00000000
0.61953620 -0.78039480 -0.08461258 0.00000000
-0.71289540 -0.51425590 -0.47678190 0.00000000
0.19791760 1.36882800 -0.37246190 1.00000000

0.93801310 -0.05778757 -0.34174840 0.00000000
-0.26518540 0.51523500 -0.81499040 0.00000000
0.22317700 0.85509850 0.46797280 0.00000000
-0.07013509 1.47700200 -0.19336110 1.00000000

0.99701470 0.05055911 -0.05835670 0.00000000
-0.05749194 0.99061660 -0.12398930 0.00000000
0.05154032 0.12697430 0.99056600 0.00000000
-0.10228580 1.53946900 -0.29216950 1.00000000

0.99701470 0.05055911 -0.05835670 0.00000000
-0.05749194 0.99061660 -0.12398930 0.00000000
0.05154032 0.12697430 0.99056600 0.00000000
-0.11157800 1.57868400 -0.41694830 1.00000000

0.96284820 -0.26959540 -0.01554048 0.00000000
-0.25545780 -0.92799220 0.27124220 0.00000000
-0.08754700 -0.25719520 -0.96238600 0.00000000
-0.05790560 1.57478400 -0.39632040 1.00000000

0.95030940 0.29868870 -0.08773276 0.00000000
-0.31077590 0.92668970 -0.21134050 0.00000000
0.01817596 0.22810420 0.97346710 0.00000000
-0.16292570 1.56739100 -0.38898450 1.00000000

0.99701450 0.05055902 -0.05835682 0.00000000
0.05749194 -0.99061660 0.12398930 0.00000000
-0.05154046 -0.12697430 -0.99056600 0.00000000
-0.07339606 1.59284300 -0.38895630 1.00000000

0.99701470 0.05055911 -0.05835670 0.00000000
-0.05749194 0.99061660 -0.12398930 0.00000000
0.05154032 0.12697430 0.99056600 0.00000000
-0.14747470 1.58908500 -0.38462020 1.00000000

0.96863620 0.19939130 -0.14828050 0.00000000
0.21689520 -0.96963190 0.11300550 0.00000000
-0.12124500 -0.14162260 -0.98246770 0.00000000
-0.09513447 1.59389200 -0.42635690 1.00000000

0.98334040 0.16667620 -0.07252958 0.00000000
-0.17431320 0.97780180 -0.11626830 0.00000000
0.05154032 0.12697430 0.99056600 0.00000000
-0.12705240 1.59394300 -0.42576780 1.00000000

0.99395130 0.04710089 0.09920630 0.00000000
0.05566146 -0.99479350 -0.08536860 0.00000000
0.09466887 0.09037407 -0.99139830 0.00000000
-0.04537987 1.61467500 -0.41190010 1.00000000

0.98637190 0.05215415 -0.15604590 0.00000000
-0.05167852 0.99863860 0.00710650 0.00000000
0.15620390 0.00105468 0.98772430 0.00000000
-0.18018430 1.60896300 -0.40521820 1.00000000

0.98415140 0.16206410 -0.07198057 0.00000000
0.16978480 -0.97830280 0.11872940 0.00000000
-0.05117688 -0.12906910 -0.99031420 0.00000000
-0.07341525 1.59307700 -0.38908110 1.00000000

0.99713160 -0.06159230 -0.04398683 0.00000000
0.05330790 0.98408270 -0.16952730 0.00000000
0.05372834 0.16669620 0.98454330 0.00000000
-0.14747630 1.58908100 -0.38465150 1.00000000

0.99352090 0.11123410 -0.02330622 0.00000000
-0.11302590 0.98852310 -0.10023580 0.00000000
0.01188910 0.10222060 0.99469070 0.00000000
-0.10516210 1.55111400 -0.33122090 1.00000000

0.94017670 0.33941510 0.02941200 0.00000000
0.34040180 -0.93941450 -0.04033811 0.00000000
0.01393890 0.04793671 -0.99875310 0.00000000
-0.07907800 1.51404600 -0.42957800 1.00000000

0.99327560 0.11335780 -0.02352151 0.00000000
-0.11282020 0.99334800 0.02305211 0.00000000
0.02597809 -0.02024335 0.99945770 0.00000000
-0.10596660 1.52874500 -0.43556310 1.00000000

0.98270130 -0.12062460 -0.14052650 0.00000000
0.12579180 0.99164850 0.02845460 0.00000000
0.13592050 -0.04563940 0.98966790 0.00000000
-0.13300790 1.50945400 -0.42527570 1.00000000

0.99861500 -0.05158392 -0.01034963 0.00000000
-0.04834739 -0.97732290 0.20616150 0.00000000
-0.02074945 -0.20537570 -0.97846340 0.00000000
-0.05421868 1.51786100 -0.40048090 1.00000000

0.96027790 0.26033030 -0.10047080 0.00000000
-0.27512320 0.94343710 -0.18502320 0.00000000
0.04662055 0.20531560 0.97758480 0.00000000
-0.16263800 1.50736600 -0.39172020 1.00000000

0.99678510 0.07520287 0.02763674 0.00000000
0.06277253 -0.94738050 0.31389460 0.00000000
0.04978856 -0.31115080 -0.94905560 0.00000000
-0.08202036 1.53579100 -0.42023880 1.00000000

0.99485910 0.08006555 -0.06200457 0.00000000
-0.09537816 0.94658550 -0.30802420 0.00000000
0.03403050 0.31235480 0.94935590 0.00000000
-0.10835640 1.53726600 -0.42416770 1.00000000

0.98253120 0.10928810 -0.15062660 0.00000000
-0.15599920 0.92501550 -0.34642540 0.00000000
0.10147170 0.36387140 0.92590550 0.00000000
-0.13546710 1.53357300 -0.41597610 1.00000000

0.99699100 0.05096488 -0.05840749 0.00000000
0.06415731 -0.96540160 0.25275200 0.00000000
-0.04350510 -0.25573880 -0.96576670 0.00000000
-0.09171157 1.56187700 -0.41798290 1.00000000

0.99699100 0.05096488 -0.05840749 0.00000000
-0.06415727 0.96540160 -0.25275190 0.00000000
0.04350516 0.25573870 0.96576670 0.00000000
-0.11127720 1.55417100 -0.43305060 1.00000000

0.99699100 0.05096488 -0.05840749 0.00000000
-0.06415727 0.96540160 -0.25275190 0.00000000
0.04350516 0.25573870 0.96576670 0.00000000
-0.12968630 1.55973900 -0.41573320 1.00000000

0.99701470 0.05055911 -0.05835670 0.00000000
-0.05747063 0.99066920 -0.12357920 0.00000000
0.05156416 0.12656410 0.99061740 0.00000000
-0.10971340 1.63622600 -0.33523540 1.00000000

0.31131160 -0.85947020 0.40545790 0.00000000
0.42133100 -0.25760240 -0.86955240 0.00000000
0.85180110 0.44153370 0.28192680 0.00000000
-0.06915890 1.44287400 -0.11180850 1.00000000

-0.29548690 -0.74423440 -0.59900140 0.00000000
0.51903150 0.40133300 -0.75467760 0.00000000
0.80205600 -0.53389790 0.26769230 0.00000000
-0.16348420 1.50040800 0.08292319 1.00000000

-0.29434100 -0.74487070 -0.59877440 0.00000000
0.93084340 -0.36540600 -0.00301471 0.00000000
-0.21655040 -0.55825250 0.80091210 0.00000000
-0.31728660 1.38148200 0.30655080 1.00000000

-0.02917811 -0.20102550 -0.97915150 0.00000000
0.92045740 -0.38735580 0.05209714 0.00000000
-0.38975280 -0.89974680 0.19633770 0.00000000
-0.54905310 1.47246300 0.30730240 1.00000000

-0.13387670 0.25841940 0.95671140 0.00000000
-0.34960560 -0.91564800 0.19840590 0.00000000
0.92728280 -0.30790960 0.21292870 0.00000000
-0.63183430 1.54590400 0.23888490 1.00000000

0.77375340 -0.61235950 -0.16223960 0.00000000
0.26186750 0.07598288 0.96210810 0.00000000
-0.57682870 -0.78691970 0.21914900 0.00000000
-0.64738970 1.58615400 0.28213100 1.00000000

0.54920430 -0.20155440 0.81101810 0.00000000
-0.62507700 0.54505270 0.55874530 0.00000000
-0.55466510 -0.81381450 0.17335830 0.00000000
-0.66178390 1.58197700 0.22924720 1.00000000

0.79588480 -0.54498670 -0.26373690 0.00000000
0.32042040 0.00953951 0.94722750 0.00000000
-0.51371040 -0.83839060 0.18221720 0.00000000
-0.66639860 1.54693100 0.29249080 1.00000000

0.47428890 -0.13769040 0.86953510 0.00000000
-0.72943400 0.49155670 0.47570810 0.00000000
-0.49292620 -0.85989170 0.13270400 0.00000000
-0.68385970 1.54589900 0.23831230 1.00000000

0.87311270 -0.39470890 -0.28614600 0.00000000
0.32914540 0.04427684 0.94324060 0.00000000
-0.35963580 -0.91773900 0.16857540 0.00000000
-0.68264810 1.50735800 0.29641750 1.00000000

0.57052890 -0.10454840 0.81459600 0.00000000
-0.74644960 0.34763640 0.56741710 0.00000000
-0.34250580 -0.93178250 0.12029650 0.00000000
-0.70044330 1.50496500 0.24542120 1.00000000

0.91076780 -0.34979050 -0.21942870 0.00000000
0.22643130 -0.02130409 0.97379400 0.00000000
-0.34529870 -0.93658580 0.05980057 0.00000000
-0.69479020 1.47391600 0.29874040 1.00000000

0.60290580 -0.18904930 0.77509060 0.00000000
-0.73402400 0.24921110 0.63174580 0.00000000
-0.31259220 -0.94981800 0.01148416 0.00000000
-0.70530900 1.47471900 0.25015190 1.00000000

-0.94463410 -0.28559510 -0.16156160 0.00000000
-0.09891039 -0.22163320 0.97010090 0.00000000
-0.31286360 0.93237050 0.18111400 0.00000000
-0.57195800 1.56282700 0.25848500 1.00000000

-0.04980189 -0.25775040 0.96492740 0.00000000
0.95245870 0.27849360 0.12354880 0.00000000
-0.30057090 0.92520640 0.23162710 0.00000000
-0.56442990 1.57651800 0.20100340 1.00000000

-0.19116060 -0.47990270 -0.85624240 0.00000000
0.93084340 -0.36540600 -0.00301471 0.00000000
-0.31142940 -0.79760380 0.51656560 0.00000000
-0.42400110 1.42337100 0.30689610 1.00000000

0.67944100 -0.73265360 0.03973445 0.00000000
0.49526730 0.41799320 -0.76157210 0.00000000
0.54135970 0.53712240 0.64686090 0.00000000
-0.16348430 1.50040800 0.08292324 1.00000000

0.42447530 -0.88737420 -0.17996640 0.00000000
0.51903150 0.40133300 -0.75467760 0.00000000
0.74190780 0.22693370 0.63093100 0.00000000
-0.26210090 1.42415300 0.22631070 1.00000000

0.66515900 -0.71228290 -0.22409080 0.00000000
0.11284340 0.39254770 -0.91278290 0.00000000
0.73812600 0.58185860 0.34148310 0.00000000
-0.21608040 1.55980800 0.10038870 1.00000000

0.98984810 -0.14212890 0.00035372 0.00000000
0.14212900 0.98984810 -0.00017688 0.00000000
-0.00032493 0.00022536 1.00000000 0.00000000
-0.15496470 0.89863720 0.06948317 1.00000000

1.00000000 0.00000000 0.00000000 0.00000000
0.00000000 1.00000000 0.00000000 0.00000000
0.00000000 0.00000000 1.00000000 0.00000000
0.00000000 0.00000000 0.00000000 1.00000000

1.00000000 0.00000000 0.00000000 0.00000000
0.00000000 1.00000000 0.00000000 0.00000000
0.00000000 0.00000000 1.00000000 0.00000000
0.00000000 0.00000000 0.00000000 1.00000000

0.74925430 0.05576370 -0.65993060 0.00000000
-0.09966391 0.99459520 -0.02911111 0.00000000
0.65474050 0.08758289 0.75076240 0.00000000
0.00404214 0.86524470 0.00693692 1.00000000

0.96816790 0.20700700 0.14070970 0.00000000
0.23992860 -0.92767970 -0.28608530 0.00000000
0.07131189 0.31073890 -0.94781640 0.00000000
0.10291150 0.84125580 -0.08365398 1.00000000

0.96816790 0.20700700 0.14070970 0.00000000
0.16929710 -0.95563720 0.24103180 0.00000000
0.18436270 -0.20953740 -0.96026280 0.00000000
0.20856510 0.43274810 -0.20963290 1.00000000

0.99172560 0.06318992 -0.11174730 0.00000000
0.06292565 -0.99800090 -0.00589417 0.00000000
-0.11189630 -0.00118638 -0.99371930 0.00000000
0.26256440 0.12793640 -0.13275290 1.00000000

0.99207890 0.05935873 -0.11070740 0.00000000
0.06426893 -0.99707680 0.04132152 0.00000000
-0.10793100 -0.04810925 -0.99299370 0.00000000
0.25378870 0.02379203 -0.26952570 1.00000000

0.53373830 -0.28329040 -0.79678730 0.00000000
0.29980530 0.94440780 -0.13494700 0.00000000
0.79072130 -0.16685470 0.58899860 0.00000000
-0.09567709 0.82647530 0.09125944 1.00000000

0.53373610 -0.28329720 -0.79678640 0.00000000
-0.18196620 0.88166980 -0.43536960 0.00000000
0.82584140 0.37736060 0.41902850 0.00000000
-0.22769740 0.41060200 0.15068390 1.00000000

0.44475930 -0.10421010 -0.88956700 0.00000000
0.06247582 0.99439850 -0.08525462 0.00000000
0.89346850 -0.01765865 0.44877860 0.00000000
-0.16965730 0.12938270 0.28955050 1.00000000

0.43542860 -0.10535350 -0.89403720 0.00000000
-0.03595872 0.99030020 -0.13421030 0.00000000
0.89950480 0.09058741 0.42741660 0.00000000
-0.29858880 0.02819574 0.23694150 1.00000000

0.58980230 -0.13983300 -0.79534890 0.00000000
-0.04625151 0.97742810 -0.20614350 0.00000000
0.80622210 0.15837000 0.57002190 0.00000000
-0.01069281 1.00078400 0.00165434 1.00000000

0.61139020 -0.10397680 -0.78446850 0.00000000
-0.09791677 0.97377150 -0.20538110 0.00000000
0.78524800 0.20238070 0.58517340 0.00000000
-0.01867260 1.16941900 -0.03391158 1.00000000

0.62531100 -0.42041390 -0.65744840 0.00000000
-0.26523220 0.67782750 -0.68571260 0.00000000
0.73391960 0.60316010 0.31234560 0.00000000
-0.02847841 1.35431700 -0.06606107 1.00000000

-0.08280481 0.84743150 -0.52440800 0.00000000
0.78270160 -0.27041980 -0.56058170 0.00000000
-0.61686480 -0.45687370 -0.64089370 0.00000000
-0.00756570 1.39874100 -0.17084910 1.00000000

0.32458580 0.59299270 -0.73688790 0.00000000
0.39101390 -0.79350710 -0.46632080 0.00000000
-0.86125080 -0.13677230 -0.48942960 0.00000000
0.16767670 1.33819500 -0.29635380 1.00000000

0.32335010 0.59285130 -0.73754460 0.00000000
-0.17192400 -0.72963780 -0.66186960 0.00000000
-0.93053080 0.34081720 -0.13400330 0.00000000
0.28457580 1.10096600 -0.43576720 1.00000000

0.57604240 0.35922470 -0.73425670 0.00000000
-0.42459910 -0.63607690 -0.64430000 0.00000000
-0.69849220 0.68290880 -0.21388070 0.00000000
0.24139300 0.91769980 -0.60201140 1.00000000

-0.49356020 -0.24331370 0.83498320 0.00000000
-0.69849220 0.68290880 -0.21388070 0.00000000
-0.51817720 -0.68879220 -0.50700940 0.00000000
0.12732670 0.85234400 -0.64856800 1.00000000

-0.50996390 -0.47205700 -0.71909640 0.00000000
-0.57062050 -0.43990840 0.69345020 0.00000000
-0.64368440 0.76396540 -0.04502806 0.00000000
0.13288800 0.87666260 -0.70086470 1.00000000

-0.27416310 -0.17074190 0.94640480 0.00000000
0.71274850 0.62460110 0.31916070 0.00000000
-0.64561960 0.76205050 -0.04954648 0.00000000
0.10152330 0.85248250 -0.66274850 1.00000000

-0.45012760 -0.65180430 -0.61035820 0.00000000
-0.55764280 -0.32867100 0.76224010 0.00000000
-0.69743840 0.68346690 -0.21553000 0.00000000
0.16436690 0.84560430 -0.69368460 1.00000000

-0.24676190 0.05956236 0.96724400 0.00000000
0.67242990 0.72924660 0.12664300 0.00000000
-0.69781600 0.68165430 -0.22000170 0.00000000
0.13302710 0.82754190 -0.64972010 1.00000000

-0.47054640 -0.81808840 -0.33063300 0.00000000
-0.41515530 -0.12538160 0.90106910 0.00000000
-0.77860960 0.56125900 -0.28063570 0.00000000
0.19180280 0.81515770 -0.68081290 1.00000000

-0.25184530 0.13012680 0.95897920 0.00000000
0.57475390 0.81734690 0.04003266 0.00000000
-0.77860950 0.56125900 -0.28063570 0.00000000
0.16935740 0.80837890 -0.63209650 1.00000000

-0.52079530 -0.84712780 -0.10558090 0.00000000
-0.39029170 0.12627790 0.91199050 0.00000000
-0.75923990 0.51616770 -0.39639160 0.00000000
0.21448450 0.79054770 -0.66851690 1.00000000

-0.08562443 0.53206000 0.84236660 0.00000000
0.64263490 0.67558500 -0.36139390 0.00000000
-0.76137350 0.51038980 -0.39976670 0.00000000
0.19547800 0.79751650 -0.62310350 1.00000000

-0.45807010 0.71059120 -0.53407190 0.00000000
-0.80917670 -0.58204080 -0.08038870 0.00000000
-0.36797480 0.39533480 0.84160860 0.00000000
0.13967910 0.92298460 -0.63694910 1.00000000

-0.92225400 -0.38081570 -0.06653905 0.00000000
0.32140200 -0.85095270 0.41542800 0.00000000
-0.21482290 0.36174450 0.90718940 0.00000000
0.09070440 0.88956110 -0.64266240 1.00000000

0.48520570 0.52200580 -0.70148810 0.00000000
-0.17192400 -0.72963780 -0.66186960 0.00000000
-0.85733210 0.44174540 -0.26427920 0.00000000
0.26486680 1.01732200 -0.51164260 1.00000000

0.02271110 0.52221860 -0.85250940 0.00000000
0.38938230 -0.79001320 -0.47356200 0.00000000
-0.92079650 -0.32119680 -0.22128480 0.00000000
0.16767680 1.33819500 -0.29635380 1.00000000

0.04664856 0.52309350 -0.85099780 0.00000000
0.39101390 -0.79350710 -0.46632080 0.00000000
-0.91920210 -0.31099870 -0.24155290 0.00000000
0.24196940 1.18742900 -0.38495480 1.00000000

0.33863820 0.35286240 -0.87224560 0.00000000
0.62751190 -0.77544710 -0.07007968 0.00000000
-0.70110880 -0.52361270 -0.48402140 0.00000000
0.19316500 1.36924300 -0.36347440 1.00000000

0.94319130 -0.04453219 -0.32925260 0.00000000
-0.26255460 0.50738040 -0.82074990 0.00000000
0.20360590 0.86057080 0.46686460 0.00000000
-0.07741860 1.47591800 -0.19036820 1.00000000

0.99700350 0.06025935 -0.04850629 0.00000000
-0.06596844 0.98979650 -0.12629840 0.00000000
0.04040089 0.12911990 0.99080570 0.00000000
-0.10925040 1.53743200 -0.28987490 1.00000000

0.99700350 0.06025935 -0.04850629 0.00000000
-0.06596844 0.98979650 -0.12629840 0.00000000
0.04040089 0.12911990 0.99080570 0.00000000
-0.11768080 1.57634700 -0.41480880 1.00000000

0.96555450 -0.26014400 -0.00546974 0.00000000
-0.24903510 -0.93000650 0.27031470 0.00000000
-0.07540753 -0.25964140 -0.96275690 0.00000000
-0.06418122 1.57301000 -0.39364030 1.00000000

0.94816150 0.30786880 -0.07878280 0.00000000
-0.31772840 0.92323790 -0.21605690 0.00000000
0.00621811 0.22988830 0.97319720 0.00000000
-0.16919170 1.56459600 -0.38733830 1.00000000

0.99700350 0.06025930 -0.04850656 0.00000000
0.06596844 -0.98979650 0.12629840 0.00000000
-0.04040089 -0.12911980 -0.99080570 0.00000000
-0.07992095 1.59092700 -0.38646270 1.00000000

0.99700350 0.06025935 -0.04850629 0.00000000
-0.06596844 0.98979650 -0.12629840 0.00000000
0.04040089 0.12911990 0.99080570 0.00000000
-0.15399870 1.58644900 -0.38285850 1.00000000

0.96806510 0.20865580 -0.13897010 0.00000000
0.22526000 -0.96726420 0.11686680 0.00000000
-0.11003580 -0.14443910 -0.98337670 0.00000000
-0.10129410 1.59170100 -0.42407990 1.00000000

0.98233280 0.17621270 -0.06301913 0.00000000
-0.18272960 0.97584680 -0.11971950 0.00000000
0.04040089 0.12911990 0.99080570 0.00000000
-0.13321540 1.59143900 -0.42380900 1.00000000

0.99240170 0.05703290 0.10902410 0.00000000
0.06626916 -0.99433880 -0.08305972 0.00000000
0.10366970 0.08965355 -0.99056320 0.00000000
-0.05189268 1.61299600 -0.40916460 1.00000000

0.98732140 0.06158743 -0.14629940 0.00000000
-0.06154301 0.99809270 0.00483449 0.00000000
0.14631820 0.00423060 0.98922860 0.00000000
-0.18669450 1.60597000 -0.40381630 1.00000000

0.98318350 0.17160980 -0.06245393 0.00000000
0.17818210 -0.97638820 0.12213630 0.00000000
-0.04001939 -0.13121050 -0.99054660 0.00000000
-0.07994117 1.59116100 -0.38658810 1.00000000

0.99807740 -0.05186154 -0.03393880 0.00000000
0.04533920 0.98427620 -0.17071840 0.00000000
0.04225892 0.16885140 0.98473540 0.00000000
-0.15400000 1.58644500 -0.38288980 1.00000000

0.99256490 0.12095520 -0.01359913 0.00000000
-0.12171350 0.98719660 -0.10309590 0.00000000
0.00095519 0.10398460 0.99457850 0.00000000
-0.11185080 1.54898400 -0.32897340 1.00000000

0.93646070 0.34868820 0.03818330 0.00000000
0.34998870 -0.93608890 -0.03529107 0.00000000
0.02343741 0.04641250 -0.99864760 0.00000000
-0.08442366 1.51201200 -0.42700030 1.00000000

0.99230110 0.12307600 -0.01382080 0.00000000
-0.12278600 0.99222800 0.02017935 0.00000000
0.01619691 -0.01832690 0.99970100 0.00000000
-0.11139410 1.52643500 -0.43327890 1.00000000

0.98519150 -0.11119300 -0.13051360 0.00000000
0.11576550 0.99288300 0.02796257 0.00000000
0.12647550 -0.04265743 0.99105220 0.00000000
-0.13834610 1.50689600 -0.42322760 1.00000000

0.99912660 -0.04178314 -0.00030616 0.00000000
-0.04081123 -0.97740720 0.20738830 0.00000000
-0.00896445 -0.20719460 -0.97825900 0.00000000
-0.05989463 1.51611800 -0.39766370 1.00000000

0.95863260 0.26958920 -0.09135342 0.00000000
-0.28250620 0.94037880 -0.18941510 0.00000000
0.03484264 0.20738730 0.97763820 0.00000000
-0.16828790 1.50457300 -0.38996550 1.00000000

0.99567370 0.08504252 0.03743714 0.00000000
0.06892852 -0.94619500 0.31617060 0.00000000
0.06231076 -0.31222230 -0.94796360 0.00000000
-0.08767231 1.53374100 -0.41772920 1.00000000

0.99459530 0.08973704 -0.05222762 0.00000000
-0.10158170 0.94508930 -0.31062400 0.00000000
0.02148515 0.31425060 0.94909710 0.00000000
-0.11398100 1.53495100 -0.42192290 1.00000000

0.98286650 0.11868980 -0.14101930 0.00000000
-0.16160190 0.92286090 -0.34958940 0.00000000
0.08864853 0.36638850 0.92622940 0.00000000
-0.14113460 1.53100600 -0.41399540 1.00000000

0.99697640 0.06066477 -0.04855832 0.00000000
0.07110037 -0.96430330 0.25507650 0.00000000
-0.03135061 -0.25775780 -0.96570090 0.00000000
-0.09764110 1.55973500 -0.41561590 1.00000000

0.99697640 0.06066477 -0.04855832 0.00000000
-0.07110032 0.96430330 -0.25507640 0.00000000
0.03135067 0.25775770 0.96570100 0.00000000
-0.11697880 1.55181200 -0.43086430 1.00000000

0.99697640 0.06066477 -0.04855832 0.00000000
-0.07110032 0.96430330 -0.25507640 0.00000000
0.03135067 0.25775770 0.96570100 0.00000000
-0.13561350 1.55722800 -0.41374100 1.00000000

0.99700350 0.06025935 -0.04850629 0.00000000
-0.06595170 0.98984990 -0.12588810 0.00000000
0.04042819 0.12871000 0.99085800 0.00000000
-0.11719660 1.63404100 -0.33318270 1.00000000

0.31933200 -0.85646100 0.40558830 0.00000000
0.42923300 -0.25085170 -0.86765940 0.00000000
0.84485880 0.45116320 0.28751630 0.00000000
-0.07695678 1.44220000 -0.10864070 1.00000000

-0.28704970 -0.74983900 -0.59610740 0.00000000
0.52699210 0.39604460 -0.75194950 0.00000000
0.79992620 -0.52999100 0.28147480 0.00000000
-0.17305030 1.49822400 0.08566833 1.00000000

-0.28590530 -0.75047120 -0.59586180 0.00000000
0.93537970 -0.35362910 -0.00342649 0.00000000
-0.20814250 -0.55833660 0.80307980 0.00000000
-0.32921160 1.38086500 0.30848760 1.00000000

-0.03079849 -0.20415400 -0.97845440 0.00000000
0.92307790 -0.38128360 0.05049917 0.00000000
-0.38337810 -0.90163420 0.20019310 0.00000000
