MeshAnim
1
15
79
30
0.77101240 -0.00988551 -0.63674350 0.00000000
-0.01891703 0.99908270 -0.03841689 0.00000000
0.63653920 0.04166519 0.77011810 0.00000000
0.01237277 0.88258880 0.05137447 1.00000000

0.94507770 0.16080310 0.28455330 0.00000000
0.24530430 -0.92430140 -0.29239210 0.00000000
0.21599530 0.34613540 -0.91298230 0.00000000
0.11171420 0.85000730 -0.03595850 1.00000000

0.94507770 0.16080310 0.28455330 0.00000000
0.13748850 -0.98541920 0.10023140 0.00000000
0.29652160 -0.05560366 -0.95340630 0.00000000
0.21973500 0.44298730 -0.16471460 1.00000000

0.99132810 0.06231824 -0.11569340 0.00000000
0.06203510 -0.99805600 -0.00605070 0.00000000
-0.11584550 -0.00117882 -0.99326680 0.00000000
0.26358860 0.12867630 -0.13274460 1.00000000

0.99116870 0.06228920 -0.11706720 0.00000000
0.06660186 -0.99722440 0.03329109 0.00000000
-0.11466850 -0.04079395 -0.99256620 0.00000000
0.25417890 0.02452701 -0.26947170 1.00000000

0.56900570 -0.23259220 -0.78875430 0.00000000
0.23881670 0.96456620 -0.11215460 0.00000000
0.78689210 -0.12455110 0.60439060 0.00000000
-0.09264131 0.85262700 0.13280920 1.00000000

0.56900460 -0.23259690 -0.78875380 0.00000000
-0.09397140 0.93448950 -0.34336390 0.00000000
0.81694750 0.26949590 0.50987140 0.00000000
-0.19780510 0.42787690 0.18219690 1.00000000

0.44429870 -0.10249550 -0.88999630 0.00000000
0.05992611 0.99460910 -0.08462718 0.00000000
0.89387230 -0.01573429 0.44804560 0.00000000
-0.16783200 0.12981010 0.29171720 1.00000000

0.43528000 -0.10270190 -0.89441810 0.00000000
-0.03788706 0.99050250 -0.13217300 0.00000000
0.89949760 0.09141918 0.42725480 0.00000000
-0.29655320 0.02833748 0.23914330 1.00000000

0.78026320 -0.01236937 -0.62532900 0.00000000
-0.00303019 0.99971800 -0.02355596 0.00000000
0.62544400 0.02027470 0.78000560 0.00000000
0.01174564 1.01899700 0.04849735 1.00000000

0.80547560 -0.03618800 -0.59152310 0.00000000
-0.04353745 0.99182340 -0.11996230 0.00000000
0.59102760 0.12238010 0.79731400 0.00000000
0.01122285 1.19147800 0.04443326 1.00000000

0.83185740 -0.04862347 -0.55285540 0.00000000
-0.19325780 0.90843050 -0.37068270 0.00000000
0.52025450 0.41519880 0.74628760 0.00000000
0.00950092 1.37889000 0.03062306 1.00000000

-0.08991030 0.91199020 -0.40023760 0.00000000
0.88731410 -0.10915900 -0.44806030 0.00000000
-0.45231600 -0.39542160 -0.79940710 0.00000000
0.04841525 1.46731100 -0.03308556 1.00000000

0.57987000 0.21546340 -0.78570120 0.00000000
0.51809950 -0.84179130 0.15152730 0.00000000
-0.62874780 -0.49493750 -0.59976090 0.00000000
0.24708430 1.44287000 -0.13340600 1.00000000

0.59070350 0.19102350 -0.78395120 0.00000000
0.09474022 -0.98127220 -0.16771790 0.00000000
-0.80130740 0.02479993 -0.59773830 0.00000000
0.40197790 1.19120500 -0.08810522 1.00000000

0.56716380 0.22208820 -0.79309650 0.00000000
-0.23621620 -0.87863830 -0.41496630 0.00000000
-0.78900380 0.42269610 -0.44587090 0.00000000
0.42577410 0.94473460 -0.13023160 1.00000000

-0.51752880 -0.06614015 0.85310580 0.00000000
-0.78900380 0.42269610 -0.44587090 0.00000000
-0.33111450 -0.90385500 -0.27094230 0.00000000
0.37431730 0.92243950 -0.16123750 1.00000000

-0.40681810 -0.87186450 -0.27267480 0.00000000
-0.50205520 -0.03597986 0.86408690 0.00000000
-0.76317750 0.48842390 -0.42308670 0.00000000
0.33666820 0.85345030 -0.21363820 1.00000000

-0.43164710 0.10562740 0.89583680 0.00000000
0.47851090 0.86868170 0.12813860 0.00000000
-0.76466210 0.48397840 -0.42550780 0.00000000
0.30907230 0.85147270 -0.16614270 1.00000000

-0.32369940 -0.90278430 -0.28319490 0.00000000
-0.52383450 -0.07825361 0.84821810 0.00000000
-0.78791880 0.42291500 -0.44757880 0.00000000
0.37251310 0.83337060 -0.19577620 1.00000000

-0.45340540 0.10046320 0.88562480 0.00000000
0.41675980 0.90221210 0.11101980 0.00000000
-0.78786750 0.41942960 -0.45093660 0.00000000
0.34297380 0.82979300 -0.14723820 1.00000000

-0.34348780 -0.91684250 -0.20350980 0.00000000
-0.50240140 -0.00369872 0.86462650 0.00000000
-0.79347910 0.39923220 -0.45935250 0.00000000
0.40374690 0.81480590 -0.17285890 1.00000000

-0.45715620 0.10724790 0.88289640 0.00000000
0.40174530 0.91055570 0.09741257 0.00000000
-0.79347910 0.39923220 -0.45935250 0.00000000
0.37658440 0.81460590 -0.12611290 1.00000000

-0.34523120 -0.91495190 -0.20899360 0.00000000
-0.50320100 -0.00751763 0.86413660 0.00000000
-0.79221460 0.40349280 -0.45780940 0.00000000
0.42930670 0.80049530 -0.15253130 1.00000000

-0.41275490 0.20687890 0.88703680 0.00000000
0.44827610 0.89389510 0.00011304 0.00000000
-0.79289450 0.39768420 -0.46169850 0.00000000
0.40454560 0.80086370 -0.10941590 1.00000000

-0.59074410 0.59002510 -0.55035630 0.00000000
-0.72631230 -0.68594030 0.04423115 0.00000000
-0.35141400 0.42585990 0.83375740 0.00000000
0.32864540 0.91778480 -0.16810010 1.00000000

-0.98159860 -0.09384333 -0.16630590 0.00000000
0.01367702 -0.90322580 0.42894750 0.00000000
-0.19046550 0.41877980 0.88788840 0.00000000
0.28437450 0.87796590 -0.16642120 1.00000000

0.57545470 0.19145810 -0.79510720 0.00000000
0.09474022 -0.98127220 -0.16771790 0.00000000
-0.81232760 0.02118547 -0.58281650 0.00000000
0.41283880 1.07871400 -0.10733220 1.00000000

0.74206900 0.35429210 -0.56904380 0.00000000
0.51809950 -0.84179130 0.15152730 0.00000000
-0.42533110 -0.40726500 -0.80822570 0.00000000
0.24708430 1.44287000 -0.13340600 1.00000000

0.63376220 0.25885140 -0.72893180 0.00000000
0.51809950 -0.84179130 0.15152730 0.00000000
-0.57438530 -0.47369140 -0.66760610 0.00000000
0.34552320 1.28293000 -0.10461580 1.00000000

0.43344490 0.51770160 -0.73763870 0.00000000
0.71170850 -0.69875450 -0.07220316 0.00000000
-0.55280790 -0.49368750 -0.67132400 0.00000000
0.29078530 1.48795800 -0.20010350 1.00000000

0.95786750 0.25383230 -0.13438400 0.00000000
-0.28117250 0.73331650 -0.61902270 0.00000000
-0.05858189 0.63072690 0.77379060 0.00000000
-0.02613816 1.54241000 -0.03738299 1.00000000

0.99522640 0.08942598 0.03908297 0.00000000
-0.07682738 0.96485160 -0.25131530 0.00000000
-0.06018355 0.24711300 0.96711590 0.00000000
-0.06022705 1.63131500 -0.11243230 1.00000000

0.99522640 0.08942598 0.03908297 0.00000000
-0.07682738 0.96485160 -0.25131530 0.00000000
-0.06018355 0.24711300 0.96711590 0.00000000
-0.05727337 1.65480900 -0.24140240 1.00000000

0.96735120 -0.22452110 0.11756670 0.00000000
-0.25213180 -0.89961500 0.35654280 0.00000000
0.02571338 -0.37454450 -0.92685280 0.00000000
-0.00602680 1.65565400 -0.21495300 1.00000000

0.94370380 0.32980390 -0.02554345 0.00000000
-0.31689710 0.87922050 -0.35573530 0.00000000
-0.09486467 0.34380350 0.93423780 0.00000000
-0.11093810 1.64457900 -0.21770540 1.00000000

0.99522640 0.08942596 0.03908294 0.00000000
0.07682738 -0.96485160 0.25131530 0.00000000
0.06018344 -0.24711300 -0.96711600 0.00000000
-0.02283810 1.67398000 -0.21159340 1.00000000

0.99522640 0.08942598 0.03908297 0.00000000
-0.07682738 0.96485160 -0.25131530 0.00000000
-0.06018355 0.24711300 0.96711590 0.00000000
-0.09678379 1.66733500 -0.21449710 1.00000000

0.97178180 0.22492010 -0.07107270 0.00000000
0.23569250 -0.93795820 0.25432990 0.00000000
-0.00945938 -0.26390440 -0.96450250 0.00000000
-0.04042626 1.66952600 -0.25087810 1.00000000

0.97929120 0.20224430 0.00926459 0.00000000
-0.19330430 0.94764580 -0.25416740 0.00000000
-0.06018355 0.24711300 0.96711590 0.00000000
-0.07220445 1.66816600 -0.25359900 1.00000000

0.97525530 0.10475110 0.19469070 0.00000000
0.09779416 -0.99418740 0.04503559 0.00000000
0.19827660 -0.02488152 -0.97983040 0.00000000
0.00674989 1.69418000 -0.23405420 1.00000000

0.99516560 0.07879769 -0.05862063 0.00000000
-0.08549990 0.98879920 -0.12233650 0.00000000
0.04832423 0.12675710 0.99075590 0.00000000
-0.12771960 1.68305900 -0.24067070 1.00000000

0.98019180 0.19777410 0.01046294 0.00000000
0.18855560 -0.94805770 0.25619080 0.00000000
0.06058726 -0.24914330 -0.96656980 0.00000000
-0.02285153 1.67419700 -0.21174770 1.00000000

0.99753740 -0.02006534 0.06720352 0.00000000
0.03840423 0.95805410 -0.28400270 0.00000000
-0.05868608 0.28588440 0.95646550 0.00000000
-0.09678192 1.66732700 -0.21452760 1.00000000

0.99374070 0.10756290 0.03016159 0.00000000
-0.09758978 0.96727600 -0.23420870 0.00000000
-0.05436689 0.22979930 0.97171840 0.00000000
-0.05925000 1.63804700 -0.15271410 1.00000000

0.95935610 0.28219500 0.00127080 0.00000000
0.27689040 -0.94217250 0.18879390 0.00000000
0.05447409 -0.18076870 -0.98201600 0.00000000
-0.02993484 1.59963800 -0.24897130 1.00000000

0.99292800 0.11529890 0.02828670 0.00000000
-0.10621400 0.96920120 -0.22218950 0.00000000
-0.05303377 0.21761370 0.97459320 0.00000000
-0.05184156 1.59853100 -0.25263890 1.00000000

0.99608660 -0.06661863 0.05808240 0.00000000
0.07600619 0.98104700 -0.17824210 0.00000000
-0.04510742 0.18195910 0.98227100 0.00000000
-0.07607774 1.59542900 -0.24831320 1.00000000

0.99380420 0.09981118 0.04889953 0.00000000
0.08230831 -0.95655610 0.27968960 0.00000000
0.07469133 -0.27393180 -0.95884460 0.00000000
-0.00599132 1.60859400 -0.21647030 1.00000000

0.99285260 0.11853200 0.01393166 0.00000000
-0.10989680 0.95350530 -0.28062470 0.00000000
-0.04654694 0.27708800 0.95971660 0.00000000
-0.10450200 1.59966000 -0.21730570 1.00000000

0.98772290 0.15407820 0.02575701 0.00000000
0.13774830 -0.93680140 0.32160350 0.00000000
0.07368129 -0.31410710 -0.94652430 0.00000000
-0.03032239 1.61532200 -0.24004480 1.00000000

0.99458190 0.09711669 0.03708574 0.00000000
-0.08037259 0.94461230 -0.31819500 0.00000000
-0.06593379 0.31349040 0.94729970 0.00000000
-0.05305417 1.61049800 -0.24418630 1.00000000

0.99783920 0.05147598 0.04082969 0.00000000
-0.03508121 0.94285510 -0.33135190 0.00000000
-0.05555335 0.32920350 0.94262350 0.00000000
-0.07841879 1.61173000 -0.24045940 1.00000000

0.99519490 0.08982126 0.03898013 0.00000000
0.06867889 -0.92409380 0.37594450 0.00000000
0.06978908 -0.37146090 -0.92582190 0.00000000
-0.03688357 1.63922500 -0.23835890 1.00000000

0.99519490 0.08982126 0.03898013 0.00000000
-0.06867890 0.92409380 -0.37594450 0.00000000
-0.06978902 0.37146090 0.92582200 0.00000000
-0.05443526 1.62885800 -0.25428980 1.00000000

0.99519490 0.08982126 0.03898013 0.00000000
-0.06867890 0.92409380 -0.37594450 0.00000000
-0.06978902 0.37146090 0.92582200 0.00000000
-0.07477960 1.63553100 -0.23977380 1.00000000

0.99522640 0.08942598 0.03908297 0.00000000
-0.07685228 0.96495380 -0.25091480 0.00000000
-0.06015167 0.24671350 0.96721990 0.00000000
-0.06618313 1.72176000 -0.16771530 1.00000000

0.24889120 -0.92550870 0.28545930 0.00000000
0.78590760 0.02073754 -0.61799620 0.00000000
0.56604110 0.37815830 0.73252560 0.00000000
-0.05688582 1.47346200 0.03690102 1.00000000

0.04184642 -0.23689190 -0.97063450 0.00000000
0.51231640 0.83913570 -0.18271140 0.00000000
0.85777680 -0.48962610 0.15647830 0.00000000
-0.23285010 1.46882700 0.17526530 1.00000000

0.09932286 -0.17279200 -0.97993780 0.00000000
0.72947800 -0.65714080 0.18981040 0.00000000
-0.67675470 -0.73369560 0.06077895 0.00000000
-0.38601680 1.21795100 0.22988800 1.00000000

0.31652070 -0.01871649 -0.94840110 0.00000000
0.46622880 -0.86763920 0.17272250 0.00000000
-0.82610260 -0.49684200 -0.26589950 0.00000000
-0.56924300 1.38300700 0.18221330 1.00000000

-0.35720650 0.09674735 0.92900150 0.00000000
-0.82610260 -0.49684200 -0.26589950 0.00000000
0.43584180 -0.86243150 0.25739840 0.00000000
-0.57735760 1.48807300 0.12519760 1.00000000

0.40261340 -0.19990580 -0.89327500 0.00000000
0.23439020 -0.92081330 0.31171200 0.00000000
-0.88485240 -0.33487430 -0.32387570 0.00000000
-0.57418610 1.53503800 0.17264810 1.00000000

0.29610640 -0.95105260 0.08843266 0.00000000
-0.38828130 -0.03526407 0.92086630 0.00000000
-0.87267330 -0.30701100 -0.37971740 0.00000000
-0.58706950 1.58565200 0.15551410 1.00000000

0.57240260 -0.81915120 0.03669447 0.00000000
-0.29221670 -0.16197220 0.94253640 0.00000000
-0.76613620 -0.55023290 -0.33208270 0.00000000
-0.61250240 1.51437500 0.16206570 1.00000000

-0.24727920 -0.22815860 0.94169900 0.00000000
-0.59719070 0.80123120 0.03731012 0.00000000
-0.76303110 -0.55314770 -0.33438180 0.00000000
-0.59529320 1.52283400 0.10845900 1.00000000

0.47868600 -0.86073240 0.17320400 0.00000000
-0.42030250 -0.05144822 0.90592460 0.00000000
-0.77084730 -0.50645140 -0.38639520 0.00000000
-0.64606470 1.49256900 0.14646070 1.00000000

-0.25975060 -0.29048100 0.92095110 0.00000000
-0.67391010 0.73758630 0.04257140 0.00000000
-0.69164670 -0.60958000 -0.38734630 0.00000000
-0.62334090 1.49535100 0.09748176 1.00000000

0.49442220 -0.85860150 0.13546430 0.00000000
-0.50097820 -0.15412260 0.85162630 0.00000000
-0.71032930 -0.48892750 -0.50634220 0.00000000
-0.67280360 1.47330400 0.13285270 1.00000000

-0.36076980 -0.30973620 0.87972090 0.00000000
-0.75869390 0.64605160 -0.08367243 0.00000000
-0.54242870 -0.69762530 -0.46807060 0.00000000
-0.64748320 1.48029200 0.09063661 1.00000000

-0.80347080 0.32152000 -0.50105850 0.00000000
-0.58016050 -0.23398870 0.78016880 0.00000000
0.13359770 0.91753700 0.37453630 0.00000000
-0.52405280 1.47229200 0.16964730 1.00000000

-0.57443830 0.20043290 0.79362940 0.00000000
0.47961770 -0.70326990 0.52476540 0.00000000
0.66331580 0.68208350 0.30785390 0.00000000
-0.49176550 1.48694100 0.12910670 1.00000000

0.19360800 -0.06778047 -0.97873470 0.00000000
0.72947800 -0.65714080 0.18981040 0.00000000
-0.65603200 -0.75071430 -0.07778323 0.00000000
-0.46964600 1.29328600 0.20812590 1.00000000

0.85488630 -0.51858780 0.01536155 0.00000000
0.51231640 0.83913570 -0.18271140 0.00000000
0.08186129 0.16406740 0.98304670 0.00000000
-0.23285010 1.46882700 0.17526530 1.00000000

0.68399340 -0.52734660 -0.50404240 0.00000000
0.51231640 0.83913570 -0.18271140 0.00000000
0.51931200 -0.13325590 0.84413140 0.00000000
-0.33019030 1.30939000 0.20997850 1.00000000

0.80581820 -0.58904370 -0.06070143 0.00000000
0.42118850 0.64219080 -0.64046180 0.00000000
0.41624180 0.49052900 0.76558740 0.00000000
-0.30774330 1.52068000 0.18490450 1.00000000

0.99607160 -0.08855277 0.00000003 0.00000000
0.08855277 0.99607150 0.00000000 0.00000000
-0.00000003 0.00000000 1.00000000 0.00000000
-0.15045200 0.92814790 0.11264840 1.00000000

1.00000000 0.00000000 0.00000000 0.00000000
0.00000000 1.00000000 0.00000000 0.00000000
0.00000000 0.00000000 1.00000000 0.00000000
0.00000000 0.00000000 0.00000000 1.00000000

1.00000000 0.00000000 0.00000000 0.00000000
0.00000000 1.00000000 0.00000000 0.00000000
0.00000000 0.00000000 1.00000000 0.00000000
0.00000000 0.00000000 0.00000000 1.00000000

0.76952720 -0.00988249 -0.63853750 0.00000000
-0.02123982 0.99893100 -0.04105718 0.00000000
0.63826070 0.04515704 0.76849470 0.00000000
0.01203289 0.88171830 0.04076406 1.00000000

0.94487860 0.16890640 0.28049090 0.00000000
0.24969830 -0.92585850 -0.28361440 0.00000000
0.21179040 0.33801930 -0.91699960 0.00000000
0.11124050 0.84912310 -0.04671589 1.00000000

0.94487860 0.16890640 0.28049090 0.00000000
0.13323020 -0.98088010 0.14186060 0.00000000
0.29908880 -0.09667123 -0.94931600 0.00000000
0.22119620 0.44141740 -0.17160670 1.00000000

0.99122440 0.06190117 -0.11680130 0.00000000
0.06218009 -0.99806440 -0.00125860 0.00000000
-0.11665320 -0.00601522 -0.99315480 0.00000000
0.26369150 0.12855420 -0.12635860 1.00000000

0.99106750 0.06186657 -0.11814320 0.00000000
0.06667297 -0.99708250 0.03716905 0.00000000
-0.11549900 -0.04471401 -0.99230090 0.00000000
0.25418630 0.02374136 -0.26257110 1.00000000

0.60473160 -0.24116700 -0.75903760 0.00000000
0.22629770 0.96580020 -0.12656780 0.00000000
0.76360260 -0.09522887 0.63862550 0.00000000
-0.09272145 0.85174200 0.12252730 1.00000000

0.60473060 -0.24117140 -0.75903700 0.00000000
-0.08018000 0.92977150 -0.35929950 0.00000000
0.79238380 0.27813890 0.54292420 0.00000000
-0.19237240 0.42644860 0.17826200 1.00000000

0.44342180 -0.10316600 -0.89035600 0.00000000
0.05927749 0.99455450 -0.08571763 0.00000000
0.89435060 -0.01476899 0.44712270 0.00000000
-0.16679830 0.12988660 0.29286510 1.00000000

0.43460710 -0.10337530 -0.89466770 0.00000000
-0.03631907 0.99057100 -0.13209940 0.00000000
0.89988760 0.08990485 0.42675460 0.00000000
-0.29551740 0.02828741 0.24053120 1.00000000

0.77870490 -0.01234157 -0.62726890 0.00000000
0.00839181 0.99992200 -0.00925579 0.00000000
0.62733420 0.00194360 0.77874780 0.00000000
0.01105303 1.01811600 0.03755601 1.00000000

0.80321420 -0.03663117 -0.59456290 0.00000000
-0.01990432 0.99589970 -0.08824703 0.00000000
0.59535770 0.08271562 0.79919170 0.00000000
0.01250086 1.19063200 0.03595912 1.00000000

0.82908740 -0.05071505 -0.55681420 0.00000000
-0.17285760 0.92383990 -0.34152630 0.00000000
0.53172770 0.37940470 0.75717750 0.00000000
0.01526001 1.37837600 0.02811955 1.00000000

-0.06843367 0.92440350 -0.37522650 0.00000000
0.88538740 -0.11706340 -0.44987260 0.00000000
-0.45978930 -0.36300720 -0.81044420 0.00000000
0.05607398 1.46781400 -0.03292588 1.00000000

0.58084080 0.22381320 -0.78264420 0.00000000
0.47988920 -0.87076290 0.10713800 0.00000000
-0.65751850 -0.43781240 -0.61318010 0.00000000
0.25431170 1.44160300 -0.13365210 1.00000000

0.59031640 0.19942860 -0.78214760 0.00000000
0.04712631 -0.97586010 -0.21325250 0.00000000
-0.80579510 0.08902670 -0.58546460 0.00000000
0.39778170 1.18127600 -0.10162210 1.00000000

0.56558640 0.21939610 -0.79497010 0.00000000
-0.25308950 -0.87127070 -0.42051560 0.00000000
-0.78489350 0.43903640 -0.43725200 0.00000000
0.40961860 0.93616570 -0.15518570 1.00000000

-0.51304540 -0.06476840 0.85591470 0.00000000
-0.78489350 0.43903640 -0.43725200 0.00000000
-0.34745750 -0.89613200 -0.27608190 0.00000000
0.35703830 0.91399630 -0.18597680 1.00000000

-0.38885600 -0.85844180 -0.33446820 0.00000000
-0.52406390 -0.09248123 0.84664290 0.00000000
-0.75772570 0.50450500 -0.41391660 0.00000000
0.31851080 0.84702100 -0.23874350 1.00000000

-0.48476110 -0.00716194 0.87461730 0.00000000
0.43449530 0.86588320 0.24791170 0.00000000
-0.75909200 0.50019540 -0.41663470 0.00000000
0.28970510 0.84193760 -0.19220690 1.00000000

-0.30689300 -0.88863200 -0.34080790 0.00000000
-0.53975640 -0.13242790 0.83133990 0.00000000
-0.78388770 0.43908560 -0.43900380 0.00000000
0.35413940 0.82621870 -0.22128010 1.00000000

-0.49322320 -0.00361954 0.86989560 0.00000000
0.37749750 0.90003710 0.21778290 0.00000000
-0.78372630 0.43579870 -0.44255270 0.00000000
0.32367770 0.81954450 -0.17364750 1.00000000

-0.32684280 -0.90830600 -0.26106360 0.00000000
-0.51947860 -0.05809776 0.85250620 0.00000000
-0.78950360 0.41425250 -0.45285660 0.00000000
0.38521450 0.80696420 -0.19871910 1.00000000

-0.49600960 0.00390563 0.86830850 0.00000000
0.36017740 0.91082920 0.20164960 0.00000000
-0.79009290 0.41276520 -0.45318670 0.00000000
0.35712880 0.80382320 -0.15262840 1.00000000

-0.32838950 -0.90806900 -0.25994490 0.00000000
-0.51889960 -0.05651839 0.85296500 0.00000000
-0.78924250 0.41499000 -0.45263640 0.00000000
0.41066890 0.79207600 -0.17867600 1.00000000

-0.45358370 0.11161010 0.88419770 0.00000000
0.41098480 0.90653110 0.09640147 0.00000000
-0.79079300 0.40711780 -0.45705760 0.00000000
0.38511410 0.79000330 -0.13607510 1.00000000

-0.56853530 0.62129870 -0.53921750 0.00000000
-0.74313760 -0.66901860 0.01268458 0.00000000
-0.35286570 0.40792440 0.84207110 0.00000000
0.31182460 0.91110070 -0.19263400 1.00000000

-0.97877190 -0.05048298 -0.19863800 0.00000000
-0.03285237 -0.91801350 0.39518630 0.00000000
-0.20230250 0.39332300 0.89686730 0.00000000
0.26659030 0.87234370 -0.19281410 1.00000000

0.57473680 0.20110110 -0.79324390 0.00000000
0.04712631 -0.97586010 -0.21325250 0.00000000
-0.81698030 0.08518142 -0.57033990 0.00000000
0.40318420 1.06940600 -0.12606900 1.00000000

0.73726460 0.33406370 -0.58723290 0.00000000
0.47988920 -0.87076290 0.10713800 0.00000000
-0.47554970 -0.36079570 -0.80229620 0.00000000
0.25431170 1.44160300 -0.13365210 1.00000000

0.62472430 0.25341980 -0.73857830 0.00000000
0.47988920 -0.87076290 0.10713800 0.00000000
-0.61597570 -0.42136750 -0.66560020 0.00000000
0.34549060 1.27615800 -0.11329590 1.00000000

0.44640770 0.52766090 -0.72269900 0.00000000
0.69575230 -0.71255870 -0.09049439 0.00000000
-0.56271580 -0.46242210 -0.68521300 0.00000000
0.29914440 1.48749000 -0.19904080 1.00000000

0.96309900 0.21887870 -0.15662860 0.00000000
-0.26882920 0.75400160 -0.59934350 0.00000000
-0.01308540 0.61933350 0.78501900 0.00000000
-0.01670998 1.54473000 -0.03463484 1.00000000

0.99682330 0.07900596 -0.01005819 0.00000000
-0.07888617 0.96206060 -0.26118250 0.00000000
-0.01095837 0.26114640 0.96523710 0.00000000
-0.04930242 1.63614300 -0.10729830 1.00000000

0.99682330 0.07900596 -0.01005819 0.00000000
-0.07888617 0.96206060 -0.26118250 0.00000000
-0.01095837 0.26114640 0.96523710 0.00000000
-0.05232145 1.65777600 -0.23657590 1.00000000

0.96938880 -0.23401350 0.07431906 0.00000000
-0.24445400 -0.89153820 0.38131590 0.00000000
-0.02297485 -0.38781090 -0.92145260 0.00000000
0.00013222 1.65847000 -0.21265350 1.00000000

0.94620420 0.31490680 -0.07437131 0.00000000
-0.32039930 0.87975100 -0.35125850 0.00000000
-0.04518542 0.35619080 0.93332000 0.00000000
-0.10495730 1.64839000 -0.21010530 1.00000000

0.99682740 0.07891247 -0.01038560 0.00000000
0.07886448 -0.96164480 0.26271620 0.00000000
0.01074415 -0.26270180 -0.96481750 0.00000000
-0.01629679 1.67701500 -0.20874420 1.00000000

0.99682640 0.07893585 -0.01030371 0.00000000
-0.07886545 0.96164460 -0.26271620 0.00000000
-0.01082909 0.26269520 0.96481810 0.00000000
-0.09036114 1.67114400 -0.20799660 1.00000000

0.97046930 0.21018840 -0.11836400 0.00000000
0.23437030 -0.93771850 0.25642650 0.00000000
-0.05709431 -0.27659510 -0.95928920 0.00000000
-0.03578649 1.67241300 -0.24711280 1.00000000

0.98116240 0.18899890 -0.03999487 0.00000000
-0.19287320 0.94661610 -0.25829820 0.00000000
-0.01095837 0.26114640 0.96523710 0.00000000
-0.06781029 1.67131800 -0.24824350 1.00000000

0.98509570 0.09642211 0.14244070 0.00000000
0.08873092 -0.99428230 0.05940984 0.00000000
0.14735480 -0.04588554 -0.98801880 0.00000000
0.01237629 1.69663600 -0.23289240 1.00000000

0.99217090 0.06724097 -0.10524040 0.00000000
-0.08127160 0.98746870 -0.13528010 0.00000000
0.09482527 0.14277400 0.98520230 0.00000000
-0.12236160 1.68690100 -0.23284940 1.00000000

0.98154610 0.18710560 -0.03947812 0.00000000
0.19089390 -0.94659350 0.25984670 0.00000000
0.01124895 -0.26258780 -0.96484270 0.00000000
-0.01631539 1.67723000 -0.20890070 1.00000000

0.99935670 -0.03010365 0.01949030 0.00000000
0.03458506 0.95275850 -0.30175350 0.00000000
-0.00948572 0.30223350 0.95318680 0.00000000
-0.09036080 1.67113600 -0.20802710 1.00000000

0.99514250 0.09658645 -0.01903847 0.00000000
-0.09831011 0.96489830 -0.24352900 0.00000000
-0.00515112 0.24421770 0.96970680 0.00000000
-0.05020055 1.64236200 -0.14745940 1.00000000

0.96243760 0.26720460 -0.04811680 0.00000000
0.27145220 -0.94361910 0.18946420 0.00000000
0.00522175 -0.19540900 -0.98070800 0.00000000
-0.02598556 1.60240300 -0.24447920 1.00000000

0.99434420 0.10412190 -0.02093872 0.00000000
-0.10614140 0.96733180 -0.23022470 0.00000000
-0.00371677 0.23114500 0.97291230 0.00000000
-0.04804020 1.60147700 -0.24706290 1.00000000

0.99726530 -0.07312886 0.01066777 0.00000000
0.07379882 0.97777720 -0.19622850 0.00000000
0.00391921 0.19647910 0.98050030 0.00000000
-0.07205442 1.59872900 -0.24155280 1.00000000

0.99600570 0.08928736 -0.00057369 0.00000000
0.08563956 -0.95345630 0.28911440 0.00000000
0.02526712 -0.28800880 -0.95729430 0.00000000
-0.00036504 1.61134700 -0.21347500 1.00000000

0.99363390 0.10712220 -0.03487813 0.00000000
-0.11263520 0.95077220 -0.28869670 0.00000000
0.00223547 0.29078730 0.95678510 0.00000000
-0.09892019 1.60349500 -0.20945230 1.00000000

0.98957190 0.14207650 -0.02369413 0.00000000
0.14194230 -0.93392120 0.32809050 0.00000000
0.02448538 -0.32803240 -0.94434900 0.00000000
-0.02576490 1.61793200 -0.23592600 1.00000000

0.99616270 0.08667488 -0.01213261 0.00000000
-0.08585865 0.94093620 -0.32751680 0.00000000
-0.01697138 0.32730180 0.94476740 0.00000000
-0.04870033 1.61337600 -0.23891910 1.00000000

0.99909080 0.04189034 -0.00793061 0.00000000
-0.04207200 0.93858880 -0.34246290 0.00000000
-0.00690222 0.34248510 0.93949790 0.00000000
-0.07380848 1.61486000 -0.23397700 1.00000000

0.99679180 0.07939108 -0.01016247 0.00000000
0.07722773 -0.92064330 0.38269020 0.00000000
0.02102610 -0.38224730 -0.92382100 0.00000000
-0.03195100 1.64190700 -0.23426310 1.00000000

0.99679180 0.07939108 -0.01016247 0.00000000
-0.07722776 0.92064330 -0.38269020 0.00000000
-0.02102613 0.38224720 0.92382090 0.00000000
-0.05037125 1.63156800 -0.24918020 1.00000000

0.99679180 0.07939108 -0.01016247 0.00000000
-0.07722776 0.92064330 -0.38269020 0.00000000
-0.02102613 0.38224720 0.92382090 0.00000000
-0.06992806 1.63861800 -0.23380460 1.00000000

0.99682330 0.07900596 -0.01005819 0.00000000
-0.07889070 0.96216880 -0.26078280 0.00000000
-0.01092571 0.26074800 0.96534510 0.00000000
-0.05698171 1.72587300 -0.16352620 1.00000000

0.22679280 -0.94018440 0.25420190 0.00000000
0.78211780 0.02027438 -0.62280060 0.00000000
0.58039360 0.34006240 0.73993300 0.00000000
-0.04887652 1.47422900 0.03756170 1.00000000

0.37350520 -0.25076010 -0.89309200 0.00000000
0.43768010 0.89650450 -0.06867358 0.00000000
0.81788150 -0.36523880 0.44460200 0.00000000
-0.22399210 1.46969800 0.17700200 1.00000000

0.42127790 -0.18189000 -0.88850500 0.00000000
0.72891930 -0.51501260 0.45104210 0.00000000
-0.53963110 -0.83766230 -0.08438011 0.00000000
-0.35484410 1.20167100 0.19753100 1.00000000

0.57348310 -0.02036791 -0.81896430 0.00000000
0.51635590 -0.76712160 0.38065900 0.00000000
-0.63599820 -0.64117850 -0.42941400 0.00000000
-0.53793020 1.33102800 0.08424169 1.00000000

-0.61853650 0.09082520 0.78048930 0.00000000
-0.63599820 -0.64117850 -0.42941400 0.00000000
0.46143120 -0.76199820 0.45435690 0.00000000
-0.54423870 1.43029800 0.01672563 1.00000000

0.66519140 -0.18134010 -0.72431780 0.00000000
0.26827320 -0.84724120 0.45848910 0.00000000
-0.69681420 -0.49929790 -0.51492880 0.00000000
-0.56158580 1.47934100 0.05829608 1.00000000

0.39478100 -0.87978800 0.26480510 0.00000000
-0.62498530 -0.04588983 0.77928660 0.00000000
-0.67345490 -0.47314680 -0.56797090 0.00000000
-0.57633140 1.52591000 0.03309440 1.00000000

0.64889960 -0.70959920 0.27458840 0.00000000
-0.52298220 -0.15383740 0.83834590 0.00000000
-0.55264740 -0.68760710 -0.47093260 0.00000000
-0.59192430 1.45204600 0.03981167 1.00000000

-0.47070940 -0.21160740 0.85653690 0.00000000
-0.69096730 0.69209290 -0.20873950 0.00000000
-0.54863180 -0.69009440 -0.47198800 0.00000000
-0.56151390 1.46015200 -0.00763178 1.00000000

0.52703770 -0.75823130 0.38381860 0.00000000
-0.64968540 -0.06832954 0.75712630 0.00000000
-0.54785050 -0.64839530 -0.52862410 0.00000000
-0.61616060 1.42412600 0.01793643 1.00000000

-0.46770580 -0.27621960 0.83961570 0.00000000
-0.75608810 0.61703070 -0.21818420 0.00000000
-0.45780160 -0.73686920 -0.49743490 0.00000000
-0.58103530 1.42782100 -0.02299777 1.00000000

0.55242420 -0.75569060 0.35179480 0.00000000
-0.69597420 -0.18588530 0.69358970 0.00000000
-0.45874540 -0.62799580 -0.62862850 0.00000000
-0.63486340 1.39995200 -0.00042373 1.00000000

-0.54891370 -0.31426630 0.77455210 0.00000000
-0.78731280 0.50563930 -0.35279960 0.00000000
-0.28077070 -0.80347130 -0.52497790 0.00000000
-0.59980920 1.40860500 -0.03460682 1.00000000

-0.66421530 0.15479490 -0.73133900 0.00000000
-0.73920290 -0.28172190 0.61172860 0.00000000
-0.11134190 0.94692740 0.30154870 0.00000000
-0.50426230 1.42569400 0.07548632 1.00000000

-0.79963980 0.14769820 0.58203230 0.00000000
0.40503840 -0.58290370 0.70439160 0.00000000
0.44330610 0.79900470 0.40628940 0.00000000
-0.46417790 1.44313900 0.04402978 1.00000000

0.48128010 -0.08305696 -0.87262300 0.00000000
0.72891930 -0.51501260 0.45104210 0.00000000
-0.48687400 -0.85314940 -0.18732340 0.00000000
-0.43840850 1.26071200 0.14582080 1.00000000

0.86347810 -0.39780290 0.31009480 0.00000000
0.43768010 0.89650450 -0.06867358 0.00000000
-0.25068300 0.19502040 0.94822220 0.00000000
-0.22399210 1.46969800 0.17700200 1.00000000

0.86640120 -0.44093590 -0.23436070 0.00000000
0.43768010 0.89650450 -0.06867358 0.00000000
0.24038600 -0.04307632 0.96972120 0.00000000
-0.30715080 1.29936200 0.19004810 1.00000000

0.78993720 -0.60723500 -0.08523411 0.00000000
0.43341520 0.65125400 -0.62291220 0.00000000
0.43376320 0.45511980 0.77763460 0.00000000
-0.29745780 1.52311700 0.18882760 1.00000000

0.99618850 -0.08722688 -0.00004551 0.00000000
0.08722689 0.99618850 -0.00008213 0.00000000
0.00005251 0.00007784 1.00000000 0.00000000
-0.15074820 0.92707940 0.10230050 1.00000000

1.00000000 0.00000000 0.00000000 0.00000000
0.00000000 1.00000000 0.00000000 0.00000000
0.00000000 0.00000000 1.00000000 0.00000000
0.00000000 0.00000000 0.00000000 1.00000000

1.00000000 0.00000000 0.00000000 0.00000000
0.00000000 1.00000000 0.00000000 0.00000000
0.00000000 0.00000000 1.00000000 0.00000000
0.00000000 0.00000000 0.00000000 1.00000000

0.76678000 -0.00998672 -0.64183240 0.00000000
-0.02539272 0.99862440 -0.04587431 0.00000000
0.64140760 0.05147337 0.76547160 0.00000000
0.01107647 0.87980310 0.01546232 1.00000000

0.94528790 0.18123500 0.27126530 0.00000000
0.25466480 -0.92962630 -0.26634730 0.00000000
0.20390380 0.32085650 -0.92491870 0.00000000
0.11003210 0.84716960 -0.07228830 1.00000000

0.94528790 0.18123500 0.27126530 0.00000000
0.12874230 -0.97124620 0.20026630 0.00000000
0.29976050 -0.15438600 -0.94143970 0.00000000
0.22217480 0.43780480 -0.18957540 1.00000000

0.99110100 0.06094297 -0.11834130 0.00000000
0.06187366 -0.99807520 0.00420283 0.00000000
-0.11785750 -0.01148761 -0.99296420 0.00000000
0.26323870 0.12801430 -0.12569810 1.00000000

0.99094930 0.06090354 -0.11962540 0.00000000
0.06622003 -0.99696330 0.04097872 0.00000000
-0.11676660 -0.04852938 -0.99197320 0.00000000
0.25353660 0.02245063 -0.26131550 1.00000000

0.67837560 -0.24768850 -0.69170580 0.00000000
0.23695300 0.96491150 -0.11313250 0.00000000
0.69545660 -0.08715548 0.71326300 0.00000000
-0.09320167 0.84981610 0.09782820 1.00000000

0.67837420 -0.24769400 -0.69170520 0.00000000
-0.10251300 0.90033970 -0.42294160 0.00000000
0.72752970 0.35782140 0.58537540 0.00000000
-0.19754470 0.42491390 0.14764650 1.00000000

0.45241340 -0.09347135 -0.88689640 0.00000000
0.02719797 0.99547580 -0.09104078 0.00000000
0.89139350 0.01706631 0.45290890 0.00000000
-0.16484730 0.13773970 0.28254900 1.00000000

0.44401420 -0.09395988 -0.89107950 0.00000000
-0.06384132 0.98864180 -0.13605870 0.00000000
0.89374240 0.11729970 0.43297250 0.00000000
-0.28981890 0.03168249 0.22997700 1.00000000

0.77584300 -0.01238114 -0.63080460 0.00000000
0.02353683 0.99967950 0.00932732 0.00000000
0.63048700 -0.02208368 0.77588570 0.00000000
0.00942452 1.01617800 0.01168487 1.00000000

0.79933420 -0.03697006 -0.59974850 0.00000000
0.01178472 0.99887810 -0.04586700 0.00000000
0.60077120 0.02959519 0.79887300 0.00000000
0.01348531 1.18865200 0.01329411 1.00000000

0.82443920 -0.05292206 -0.56347070 0.00000000
-0.14558210 0.94228370 -0.30150850 0.00000000
0.54690570 0.33060670 0.76915120 0.00000000
0.02224873 1.37637600 0.01340205 1.00000000

-0.03952342 0.93846520 -0.34310490 0.00000000
0.88271470 -0.12811600 -0.45210710 0.00000000
-0.46824420 -0.32073270 -0.82333360 0.00000000
0.06554126 1.46699200 -0.04409351 1.00000000

0.57963490 0.23436740 -0.78044560 0.00000000
0.41720290 -0.90805320 0.03716747 0.00000000
-0.69997510 -0.34714780 -0.62411800 0.00000000
0.26318060 1.43830700 -0.14532000 1.00000000

0.58698140 0.21047940 -0.78176190 0.00000000
-0.02839611 -0.95966770 -0.27969950 0.00000000
-0.80910240 0.18637720 -0.55733030 0.00000000
0.38790960 1.16683200 -0.13420870 1.00000000

0.55191660 0.20524970 -0.80824540 0.00000000
-0.26449910 -0.87610130 -0.40309680 0.00000000
-0.79084040 0.43625590 -0.42924640 0.00000000
0.38077740 0.92578800 -0.20446210 1.00000000

-0.49760210 -0.04999811 0.86596360 0.00000000
-0.79084040 0.43625590 -0.42924640 0.00000000
-0.35632010 -0.89843270 -0.25662250 0.00000000
0.32595440 0.90074910 -0.23374000 1.00000000

-0.30626780 -0.83460610 -0.45785710 0.00000000
-0.56943360 -0.22481040 0.79069950 0.00000000
-0.76285360 0.50288500 -0.40640040 0.00000000
0.28777320 0.83586140 -0.28503980 1.00000000

-0.58900050 -0.27882530 0.75850850 0.00000000
0.26415460 0.82061010 0.50677620 0.00000000
-0.76374140 0.49885480 -0.40968650 0.00000000
0.25647370 0.82350440 -0.24157810 1.00000000

-0.22811230 -0.86176510 -0.45312940 0.00000000
-0.56909390 -0.25960800 0.78021530 0.00000000
-0.78999810 0.43584990 -0.43120550 0.00000000
0.32362450 0.81515090 -0.26792640 1.00000000

-0.57027110 -0.25512170 0.78083530 0.00000000
0.22710620 0.86453520 0.44833270 0.00000000
-0.78943890 0.43300360 -0.43507980 0.00000000
0.29141740 0.80121130 -0.22309660 1.00000000

-0.24768290 -0.89376330 -0.37395280 0.00000000
-0.55491240 -0.18552730 0.81095750 0.00000000
-0.79418240 0.40837140 -0.45000830 0.00000000
0.35502280 0.79608280 -0.24565650 1.00000000

-0.57070820 -0.24667990 0.78322510 0.00000000
0.20417820 0.88122650 0.42632330 0.00000000
-0.79536400 0.40322350 -0.45255650 0.00000000
0.32502140 0.78605230 -0.20181200 1.00000000

-0.24882530 -0.90063690 -0.35628580 0.00000000
-0.55228600 -0.17025340 0.81608470 0.00000000
-0.79565470 0.39983410 -0.45504560 0.00000000
0.38077430 0.78136990 -0.22586510 1.00000000

-0.54144170 -0.12236730 0.83178560 0.00000000
0.26485740 0.91414950 0.30689040 0.00000000
-0.79792960 0.38646760 -0.46254870 0.00000000
0.35349600 0.77363650 -0.18502070 1.00000000

-0.54567300 0.64637310 -0.53333190 0.00000000
-0.75585160 -0.65444330 -0.01981294 0.00000000
-0.36184190 0.39230850 0.84567410 0.00000000
0.28220800 0.90063290 -0.23975510 1.00000000

-0.96963190 -0.00275256 -0.24455450 0.00000000
-0.08832151 -0.92851560 0.36063600 0.00000000
-0.22806510 0.37128360 0.90007500 0.00000000
0.23625640 0.86278700 -0.24185990 1.00000000

0.56829600 0.21469290 -0.79432150 0.00000000
-0.02839611 -0.95966770 -0.27969950 0.00000000
-0.82233420 0.18150770 -0.53927870 0.00000000
0.38465450 1.05681700 -0.16627300 1.00000000

0.71941780 0.30499250 -0.62403320 0.00000000
0.41720290 -0.90805320 0.03716747 0.00000000
-0.55531940 -0.28708750 -0.78051340 0.00000000
0.26318060 1.43830700 -0.14532000 1.00000000

0.60486540 0.24691580 -0.75708020 0.00000000
0.41720290 -0.90805320 0.03716747 0.00000000
-0.67829170 -0.33833740 -0.65226400 0.00000000
0.34244920 1.26577700 -0.13825820 1.00000000

0.46410850 0.53861050 -0.70320850 0.00000000
0.67423400 -0.72968170 -0.11390110 0.00000000
-0.57446660 -0.42126460 -0.70180100 0.00000000
0.30955690 1.48505200 -0.20900180 1.00000000

0.96342400 0.15376030 -0.21948100 0.00000000
-0.25509450 0.77712950 -0.57532310 0.00000000
0.08210334 0.61026850 0.78792860 0.00000000
-0.00481541 1.54612900 -0.04214022 1.00000000

0.98958440 0.06456311 -0.12866350 0.00000000
-0.10250040 0.94358490 -0.31486740 0.00000000
0.10107620 0.32477590 0.94037450 0.00000000
-0.03574266 1.64034700 -0.11189150 1.00000000

0.98958440 0.06456311 -0.12866350 0.00000000
-0.10250040 0.94358490 -0.31486740 0.00000000
0.10107620 0.32477590 0.94037450 0.00000000
-0.05339175 1.65331600 -0.24112670 1.00000000

0.96991040 -0.24260090 -0.02046177 0.00000000
-0.20538290 -0.86044480 0.46631810 0.00000000
-0.13073530 -0.44808430 -0.88438040 0.00000000
0.00142967 1.65496800 -0.22346580 1.00000000

0.93620780 0.28892000 -0.20010050 0.00000000
-0.34522580 0.86267480 -0.36960980 0.00000000
0.06583396 0.41511150 0.90738550 0.00000000
-0.10282530 1.64630500 -0.20810590 1.00000000

0.98948850 0.06423160 -0.12956420 0.00000000
0.10293910 -0.94211540 0.31909620 0.00000000
-0.10156840 -0.32907920 -0.93882430 0.00000000
-0.01431374 1.67393900 -0.21895900 1.00000000

0.98951260 0.06431451 -0.12933910 0.00000000
-0.10294280 0.94211510 -0.31909590 0.00000000
0.10132990 0.32906390 0.93885540 0.00000000
-0.08784024 1.66914200 -0.20939900 1.00000000

0.95399970 0.18342230 -0.23715200 0.00000000
0.25010620 -0.92308680 0.29216090 0.00000000
-0.16532300 -0.33803450 -0.92649940 0.00000000
-0.03806897 1.66742600 -0.25456750 1.00000000

0.97230670 0.16795440 -0.16251460 0.00000000
-0.21072090 0.93075880 -0.29880560 0.00000000
0.10107620 0.32477590 0.94037450 0.00000000
-0.07025754 1.66661600 -0.25186520 1.00000000

0.99569340 0.09132633 0.01593655 0.00000000
0.08864161 -0.98820870 0.12484550 0.00000000
0.02715030 -0.12289520 -0.99204830 0.00000000
0.01151477 1.69164400 -0.24749810 1.00000000

0.97487070 0.04716773 -0.21772140 0.00000000
-0.09118533 0.97619270 -0.19680710 0.00000000
0.20325510 0.21171450 0.95596250 0.00000000
-0.12237840 1.68375700 -0.23141450 1.00000000

0.97168770 0.17066930 -0.16338570 0.00000000
0.21365270 -0.92995640 0.29922220 0.00000000
-0.10087370 -0.32565830 -0.94009110 0.00000000
-0.01434885 1.67414300 -0.21912660 1.00000000

0.99482980 -0.04236855 -0.09229660 0.00000000
0.00504907 0.92832910 -0.37172550 0.00000000
0.10143100 0.36933760 0.92374310 0.00000000
-0.08784341 1.66913100 -0.20942870 1.00000000

0.98709300 0.08074226 -0.13830480 0.00000000
-0.11901150 0.94770570 -0.29612540 0.00000000
0.10716240 0.30876320 0.94508280 0.00000000
-0.04115093 1.64402800 -0.15164090 1.00000000

0.95454850 0.24233460 -0.17352530 0.00000000
0.27774280 -0.93445150 0.22284420 0.00000000
-0.10814820 -0.26091110 -0.95928600 0.00000000
-0.02848852 1.59756400 -0.24792010 1.00000000

0.98617750 0.08781849 -0.14050580 0.00000000
-0.12473020 0.95167430 -0.28063950 0.00000000
0.10907030 0.29428570 0.94947330 0.00000000
-0.05067290 1.59675600 -0.24789280 1.00000000

0.99189760 -0.07932381 -0.09923097 0.00000000
0.05001526 0.96185540 -0.26894790 0.00000000
0.11678000 0.26180570 0.95802940 0.00000000
-0.07389028 1.59475000 -0.23955460 1.00000000

0.98990630 0.07497668 -0.12026680 0.00000000
0.11213890 -0.93328600 0.34117750 0.00000000
-0.08666301 -0.35122040 -0.93227340 0.00000000
0.00062498 1.60778000 -0.22099920 1.00000000

0.98402700 0.08989203 -0.15365680 0.00000000
-0.13778870 0.93111930 -0.33768500 0.00000000
0.11271760 0.35346330 0.92863260 0.00000000
-0.09695778 1.60158300 -0.20527560 1.00000000

0.98161580 0.12406430 -0.14504670 0.00000000
0.17034170 -0.91226210 0.37250770 0.00000000
-0.08610567 -0.39036700 -0.91662400 0.00000000
-0.02720550 1.61310400 -0.24076440 1.00000000

0.98873670 0.07208566 -0.13116240 0.00000000
-0.11714030 0.91820040 -0.37839990 0.00000000
0.09315625 0.38950220 0.91630230 0.00000000
-0.05032980 1.60879300 -0.24085620 1.00000000

0.99179540 0.02914233 -0.12446940 0.00000000
-0.07672745 0.91449000 -0.39726670 0.00000000
0.10224880 0.40355750 0.90922310 0.00000000
-0.07463734 1.61081600 -0.23316970 1.00000000

0.98954520 0.06492499 -0.12878330 0.00000000
0.11450390 -0.89658120 0.42782140 0.00000000
-0.08768839 -0.43809490 -0.89464190 0.00000000
-0.03294624 1.63718100 -0.24002190 1.00000000

0.98954520 0.06492499 -0.12878330 0.00000000
-0.11450380 0.89658130 -0.42782130 0.00000000
0.08768839 0.43809460 0.89464170 0.00000000
-0.05303960 1.62622200 -0.25201540 1.00000000

0.98954520 0.06492499 -0.12878330 0.00000000
-0.11450380 0.89658130 -0.42782130 0.00000000
0.08768839 0.43809460 0.89464170 0.00000000
-0.07067825 1.63445900 -0.23502650 1.00000000

0.98958440 0.06456311 -0.12866350 0.00000000
-0.10245850 0.94371930 -0.31447790 0.00000000
0.10111870 0.32438510 0.94050480 0.00000000
-0.04926733 1.72624200 -0.17280990 1.00000000

0.19736050 -0.95752030 0.21024720 0.00000000
0.77491860 0.02101552 -0.63171150 0.00000000
0.60045800 0.28759940 0.74614790 0.00000000
-0.03882099 1.47368700 0.02723650 1.00000000

0.81063560 -0.44984820 -0.37484200 0.00000000
0.29896510 0.86839380 -0.39561620 0.00000000
0.50347780 0.20863600 0.83843980 0.00000000
-0.21232440 1.46899000 0.16867220 1.00000000

0.83867130 -0.37838400 -0.39173450 0.00000000
0.46831790 0.13382390 0.87336670 0.00000000
-0.27804450 -0.91592410 0.28943830 0.00000000
-0.30170390 1.20936700 0.28694780 1.00000000

0.89115690 -0.21928980 -0.39717880 0.00000000
0.36756090 -0.16423960 0.91538210 0.00000000
-0.26596640 -0.96173680 -0.06576084 0.00000000
