MeshAnim
1
15
79
30
0.70079610 -0.02148285 -0.71303810 0.00000000
-0.12182170 0.98125980 -0.14929420 0.00000000
0.70288290 0.19148830 0.68504600 0.00000000
-0.01430410 0.91134150 0.00746241 1.00000000

0.98706910 0.14370600 -0.07101440 0.00000000
0.12372440 -0.96470150 -0.23247210 0.00000000
-0.10191530 0.22067990 -0.97000710 0.00000000
0.07857296 0.87697100 -0.08607821 1.00000000

0.98706910 0.14370600 -0.07101440 0.00000000
0.14813920 -0.98704160 0.06167520 0.00000000
-0.06123102 -0.07139766 -0.99556680 0.00000000
0.13305550 0.45216070 -0.18844830 1.00000000

0.99557550 0.08724454 -0.03489962 0.00000000
0.08643655 -0.99596760 -0.02403042 0.00000000
-0.03685540 0.02090750 -0.99910200 0.00000000
0.18030620 0.13733210 -0.16877630 1.00000000

0.99557550 0.08724454 -0.03489962 0.00000000
0.08643655 -0.99596760 -0.02403042 0.00000000
-0.03685540 0.02090750 -0.99910200 0.00000000
0.18426220 0.03642678 -0.30817620 1.00000000

0.28214140 -0.12786430 -0.95081390 0.00000000
0.11255940 0.98864550 -0.09955139 0.00000000
0.95274690 -0.07893545 0.29333020 0.00000000
-0.10717190 0.88266460 0.10291130 1.00000000

0.28214120 -0.12786670 -0.95081370 0.00000000
-0.11264270 0.97980790 -0.16519110 0.00000000
0.95273720 0.15370940 0.26204080 0.00000000
-0.15673770 0.44731110 0.14674920 1.00000000

0.51876850 -0.06894720 -0.85213010 0.00000000
0.04491964 0.99756420 -0.05336789 0.00000000
0.85373390 -0.01059176 0.52060190 0.00000000
-0.12080920 0.13478930 0.19943910 1.00000000

0.51876850 -0.06894720 -0.85213010 0.00000000
0.04491964 0.99756420 -0.05336789 0.00000000
0.85373390 -0.01059176 0.52060190 0.00000000
-0.24246710 0.03230441 0.13366670 1.00000000

0.68651800 -0.00709338 -0.72707820 0.00000000
0.00637304 0.99997270 -0.00373825 0.00000000
0.72708490 -0.00206732 0.68654450 0.00000000
-0.03170045 1.04580500 -0.00779498 1.00000000

0.66746760 -0.03790802 -0.74367340 0.00000000
0.14297800 0.98664490 0.07803348 0.00000000
0.73078350 -0.15841380 0.66397350 0.00000000
-0.03060092 1.21832900 -0.00843995 1.00000000

0.64895840 -0.03358524 -0.76008220 0.00000000
0.04848158 0.99882030 -0.00274063 0.00000000
0.75927770 -0.03507144 0.64982110 0.00000000
0.00419392 1.40170800 0.01344186 1.00000000

0.13393290 0.96100540 -0.24193050 0.00000000
0.78921290 -0.25108180 -0.56044730 0.00000000
-0.59933740 -0.11587240 -0.79206610 0.00000000
0.05709004 1.49555700 -0.02881418 1.00000000

0.42233170 0.38425540 -0.82096520 0.00000000
0.40588720 -0.88999470 -0.20776300 0.00000000
-0.81048860 -0.24547440 -0.53183730 0.00000000
0.23379450 1.43934000 -0.15429800 1.00000000

0.42233170 0.38425540 -0.82096520 0.00000000
-0.03495739 -0.89812330 -0.43835280 0.00000000
-0.90576720 0.21382910 -0.36587330 0.00000000
0.35514040 1.17326400 -0.21641210 1.00000000

0.48651560 0.21669970 -0.84637100 0.00000000
-0.22610320 -0.90451870 -0.36155740 0.00000000
-0.84390770 0.36727050 -0.39106590 0.00000000
0.34636010 0.94767770 -0.32651540 1.00000000

-0.43986200 -0.05633954 0.89629660 0.00000000
-0.84390780 0.36727050 -0.39106580 0.00000000
-0.30715080 -0.92840650 -0.20909380 0.00000000
0.25449350 0.84374420 -0.34094980 1.00000000

-0.46002300 -0.86368160 -0.20599400 0.00000000
-0.29763330 -0.06858100 0.95221410 0.00000000
-0.83653680 0.49935100 -0.22551140 0.00000000
0.25522070 0.84908310 -0.39864070 1.00000000

0.03725505 0.46902290 0.88240030 0.00000000
0.54357080 0.73144190 -0.41173340 0.00000000
-0.83853660 0.49498600 -0.22769710 0.00000000
0.23886090 0.84531330 -0.34630130 1.00000000

-0.28025550 -0.88708420 -0.36679570 0.00000000
-0.49558220 -0.19353860 0.84672380 0.00000000
-0.82210420 0.41907630 -0.38538270 0.00000000
0.29340200 0.83142800 -0.38322690 1.00000000

-0.35890020 0.15217890 0.92088680 0.00000000
0.44225700 0.89656200 0.02420326 0.00000000
-0.82194890 0.41595520 -0.38907850 0.00000000
0.26542820 0.82127290 -0.33469190 1.00000000

-0.30262400 -0.93916470 -0.16244700 0.00000000
-0.43447200 -0.01576885 0.90054760 0.00000000
-0.84832380 0.34310600 -0.40326840 0.00000000
0.32734450 0.81527020 -0.36243680 1.00000000

-0.36569840 0.17110660 0.91487040 0.00000000
0.38289940 0.92358080 -0.01968054 0.00000000
-0.84832380 0.34310600 -0.40326830 0.00000000
0.30385480 0.81441740 -0.31374860 1.00000000

-0.21423270 -0.93339450 0.28788770 0.00000000
-0.36330080 0.34972760 0.86354120 0.00000000
-0.90670680 0.08040883 -0.41402600 0.00000000
0.35520940 0.80298980 -0.34388820 1.00000000

-0.23927470 0.72055610 0.65080510 0.00000000
0.34664040 0.68949820 -0.63595080 0.00000000
-0.90696670 0.07342830 -0.41475330 0.00000000
0.33729580 0.82112500 -0.30119870 1.00000000

-0.99024630 0.08830962 -0.10777100 0.00000000
-0.12966750 -0.86713980 0.48088990 0.00000000
-0.05098534 0.49017360 0.87013280 0.00000000
0.24785590 0.91473000 -0.35489990 1.00000000

-0.23784400 -0.85215690 0.46611090 0.00000000
0.96996470 -0.18319100 0.16003240 0.00000000
-0.05098522 0.49017360 0.87013280 0.00000000
0.23841760 0.86325170 -0.32645360 1.00000000

0.47272440 0.37158920 -0.79903270 0.00000000
-0.03495739 -0.89812330 -0.43835280 0.00000000
-0.88051690 0.23515200 -0.41157490 0.00000000
0.35113310 1.07030500 -0.26666410 1.00000000

0.68088680 0.44611530 -0.58083940 0.00000000
0.40588720 -0.88999470 -0.20776300 0.00000000
-0.60963030 -0.09429227 -0.78705810 0.00000000
0.23379450 1.43934000 -0.15429800 1.00000000

0.51630930 0.41087550 -0.75140290 0.00000000
0.40588720 -0.88999470 -0.20776300 0.00000000
-0.75410920 -0.19771490 -0.62628160 0.00000000
0.31091310 1.27024100 -0.19377290 1.00000000

0.50410910 0.51274380 -0.69495890 0.00000000
0.48681990 -0.83336810 -0.26173340 0.00000000
-0.71335880 -0.20637760 -0.66972230 0.00000000
0.28323100 1.48290900 -0.21793000 1.00000000

0.96046530 0.06996481 -0.26946550 0.00000000
-0.11422340 0.98172200 -0.15223330 0.00000000
0.25388910 0.17699400 0.95090140 0.00000000
0.01188849 1.58218600 0.01203682 1.00000000

0.99910570 0.02090862 -0.03675187 0.00000000
-0.02682610 0.98529850 -0.16872270 0.00000000
0.03268370 0.16955770 0.98497810 0.00000000
-0.00195976 1.70120900 -0.00641978 1.00000000

0.99910570 0.02090862 -0.03675187 0.00000000
-0.02682610 0.98529850 -0.16872270 0.00000000
0.03268370 0.16955770 0.98497810 0.00000000
-0.00786047 1.75476700 -0.13636130 1.00000000

0.99910570 0.02090862 -0.03675187 0.00000000
0.02682610 -0.98529850 0.16872270 0.00000000
-0.03268370 -0.16955770 -0.98497810 0.00000000
0.05200316 1.72209500 -0.10542550 1.00000000

0.99910570 0.02090862 -0.03675187 0.00000000
-0.02682610 0.98529850 -0.16872270 0.00000000
0.03268370 0.16955770 0.98497810 0.00000000
-0.06387310 1.71967000 -0.10116300 1.00000000

0.99856010 0.01754015 -0.05069724 0.00000000
0.02893312 -0.97189560 0.23362820 0.00000000
-0.04517457 -0.23475860 -0.97100370 0.00000000
0.03059818 1.74941500 -0.10474210 1.00000000

0.99871570 0.01838261 -0.04721177 0.00000000
-0.02893309 0.97189550 -0.23362800 0.00000000
0.04159003 0.23469390 0.97117920 0.00000000
-0.04363582 1.74786000 -0.10201130 1.00000000

0.99910570 0.02090862 -0.03675187 0.00000000
0.02682610 -0.98529850 0.16872270 0.00000000
-0.03268370 -0.16955770 -0.98497810 0.00000000
0.01093033 1.75945200 -0.14306740 1.00000000

0.99910570 0.02090862 -0.03675187 0.00000000
-0.02682610 0.98529850 -0.16872270 0.00000000
0.03268370 0.16955770 0.98497810 0.00000000
-0.02727228 1.75865300 -0.14166220 1.00000000

0.99910570 0.02090862 -0.03675187 0.00000000
0.02682610 -0.98529850 0.16872270 0.00000000
-0.03268370 -0.16955770 -0.98497810 0.00000000
0.05973876 1.77045700 -0.12675790 1.00000000

0.99910570 0.02090862 -0.03675187 0.00000000
-0.02682610 0.98529850 -0.16872270 0.00000000
0.03268370 0.16955770 0.98497810 0.00000000
-0.07516827 1.76763400 -0.12179550 1.00000000

0.99910570 0.02090862 -0.03675187 0.00000000
0.02682610 -0.98529850 0.16872270 0.00000000
-0.03268370 -0.16955770 -0.98497810 0.00000000
0.03059818 1.74941500 -0.10474210 1.00000000

0.99910570 0.02090862 -0.03675187 0.00000000
-0.02682610 0.98529850 -0.16872270 0.00000000
0.03268370 0.16955770 0.98497810 0.00000000
-0.04363582 1.74786000 -0.10201130 1.00000000

0.99910570 0.02090862 -0.03675187 0.00000000
-0.02682610 0.98529850 -0.16872270 0.00000000
0.03268370 0.16955770 0.98497810 0.00000000
-0.00330777 1.71281700 -0.03646164 1.00000000

0.99910570 0.02090862 -0.03675187 0.00000000
0.02682610 -0.98529850 0.16872270 0.00000000
-0.03268370 -0.16955770 -0.98497810 0.00000000
0.01754010 1.68570200 -0.13609760 1.00000000

0.99910570 0.02090862 -0.03675187 0.00000000
-0.02682610 0.98529850 -0.16872270 0.00000000
0.03268370 0.16955770 0.98497810 0.00000000
-0.00654040 1.68526700 -0.14001440 1.00000000

0.99910570 0.02090862 -0.03675187 0.00000000
-0.02682610 0.98529850 -0.16872270 0.00000000
0.03268370 0.16955770 0.98497810 0.00000000
-0.03026535 1.68470300 -0.13433940 1.00000000

0.99910570 0.02090862 -0.03675187 0.00000000
0.02682610 -0.98529850 0.16872270 0.00000000
-0.03268370 -0.16955770 -0.98497810 0.00000000
0.04769175 1.68116100 -0.11241350 1.00000000

0.99910570 0.02090862 -0.03675187 0.00000000
-0.02682610 0.98529850 -0.16872270 0.00000000
0.03268370 0.16955770 0.98497810 0.00000000
-0.05838015 1.67894200 -0.10851190 1.00000000

0.99910570 0.02090862 -0.03675187 0.00000000
0.02682610 -0.98529850 0.16872270 0.00000000
-0.03268370 -0.16955770 -0.98497810 0.00000000
0.01757672 1.68912600 -0.13475080 1.00000000

0.99910570 0.02090862 -0.03675187 0.00000000
-0.02682610 0.98529850 -0.16872270 0.00000000
0.03268370 0.16955770 0.98497810 0.00000000
-0.00660365 1.68880500 -0.13972070 1.00000000

0.99910570 0.02090862 -0.03675187 0.00000000
-0.02682610 0.98529850 -0.16872270 0.00000000
0.03268370 0.16955770 0.98497810 0.00000000
-0.03034584 1.68811900 -0.13298720 1.00000000

0.99910570 0.02090862 -0.03675187 0.00000000
0.02682610 -0.98529850 0.16872270 0.00000000
-0.03268370 -0.16955770 -0.98497810 0.00000000
0.01291929 1.71047900 -0.13159490 1.00000000

0.99910570 0.02090862 -0.03675187 0.00000000
-0.02682610 0.98529850 -0.16872270 0.00000000
0.03268370 0.16955770 0.98497810 0.00000000
-0.00720774 1.70576800 -0.14649350 1.00000000

0.99910570 0.02090862 -0.03675187 0.00000000
-0.02682610 0.98529850 -0.16872270 0.00000000
0.03268370 0.16955770 0.98497810 0.00000000
-0.02636555 1.70965700 -0.13014980 1.00000000

0.99910570 0.02090862 -0.03675187 0.00000000
-0.02681256 0.98536870 -0.16831480 0.00000000
0.03269488 0.16914970 0.98504790 0.00000000
-0.00569116 1.79611600 -0.05385944 1.00000000

0.17764360 -0.98102640 -0.07765256 0.00000000
0.65393230 0.17664290 -0.73564250 0.00000000
0.73540150 0.07990257 0.67290440 0.00000000
-0.02505938 1.49980400 0.06740279 1.00000000

0.83547580 -0.33520670 -0.43544990 0.00000000
0.20288480 0.92458080 -0.32247190 0.00000000
0.51070340 0.18107130 0.84047330 0.00000000
-0.17147440 1.46026300 0.23211070 1.00000000

0.83547580 -0.33520670 -0.43544990 0.00000000
0.35744320 0.93336250 -0.03268877 0.00000000
0.41739010 -0.12833790 0.89961930 0.00000000
-0.23212890 1.18384200 0.32851850 1.00000000

0.92830310 -0.16405060 -0.33367770 0.00000000
0.21983600 0.96591050 0.13670750 0.00000000
0.29987590 -0.20026020 0.93272210 0.00000000
-0.32191010 0.94940420 0.33673000 1.00000000

-0.95237420 -0.00617030 0.30486930 0.00000000
0.29987590 -0.20026020 0.93272200 0.00000000
0.05529798 0.97972320 0.19257310 0.00000000
-0.31072810 0.83348390 0.26000030 1.00000000

0.26301570 0.91228690 0.31393530 0.00000000
-0.95611270 0.20291770 0.21136030 0.00000000
0.12911830 -0.35574850 0.92561960 0.00000000
-0.36811450 0.83120580 0.25232830 1.00000000

-0.95880230 -0.28258750 0.02902949 0.00000000
0.25175220 -0.89260090 -0.37401190 0.00000000
0.13160300 -0.35129510 0.92696960 0.00000000
-0.31556050 0.82005240 0.24071070 1.00000000

0.18978550 0.95244040 0.23840860 0.00000000
-0.93975200 0.10589460 0.32504300 0.00000000
0.28433780 -0.28573330 0.91515490 0.00000000
-0.35667020 0.82082390 0.29437990 1.00000000

-0.94810330 -0.21923950 0.23029220 0.00000000
0.13569390 -0.93399300 -0.33052120 0.00000000
0.28755450 -0.28211890 0.91527130 0.00000000
-0.30300410 0.81571520 0.27607050 1.00000000

-0.03500750 0.97279870 0.22899130 0.00000000
-0.92979730 -0.11570930 0.34941170 0.00000000
0.36640400 -0.20068330 0.90855640 0.00000000
-0.33948010 0.81207560 0.33276500 1.00000000

-0.91240700 -0.26888960 0.30856390 0.00000000
0.18237780 -0.94203220 -0.28162710 0.00000000
0.36640390 -0.20068340 0.90855650 0.00000000
-0.28921060 0.81833100 0.31387360 1.00000000

-0.49169780 0.83319090 0.25303480 0.00000000
-0.76624660 -0.55204650 0.32880250 0.00000000
0.41364220 -0.03221560 0.90986930 0.00000000
-0.32402470 0.80605610 0.36432730 1.00000000

-0.71576570 -0.62719290 0.30709760 0.00000000
0.56328500 -0.77845400 -0.27698340 0.00000000
0.41278350 -0.02527164 0.91047870 0.00000000
-0.28633570 0.83416830 0.34815930 1.00000000

0.04232746 0.34394170 0.93803670 0.00000000
-0.43079460 0.85339990 -0.29346980 0.00000000
-0.90145690 -0.39167920 0.18429050 0.00000000
-0.33142750 0.90054790 0.24124780 1.00000000

-0.37549780 0.91937800 0.11724080 0.00000000
-0.21535330 0.03648693 -0.97585440 0.00000000
-0.90145680 -0.39167920 0.18429040 0.00000000
-0.30585060 0.84913780 0.25709490 1.00000000

0.85451470 -0.34097080 -0.39184660 0.00000000
0.35744320 0.93336250 -0.03268877 0.00000000
0.37688100 -0.11212990 0.91944970 0.00000000
-0.27310480 1.07683800 0.33226600 1.00000000

0.65406840 -0.37303910 -0.65805510 0.00000000
0.20288480 0.92458080 -0.32247190 0.00000000
0.72871990 0.07740926 0.68042300 0.00000000
-0.17147440 1.46026300 0.23211070 1.00000000

0.79120560 -0.34881420 -0.50231730 0.00000000
0.20288480 0.92458080 -0.32247190 0.00000000
0.57691570 0.15322900 0.80230270 0.00000000
-0.21002090 1.28459200 0.29337930 1.00000000

0.69899680 -0.58314710 -0.41393580 0.00000000
0.37346240 0.79129870 -0.48412010 0.00000000
0.60986010 0.18380890 0.77089880 0.00000000
-0.23606690 1.51041500 0.27338170 1.00000000

0.99938650 -0.03502165 0.00000000 0.00000000
0.03502167 0.99938650 -0.00000005 0.00000000
0.00000006 0.00000004 1.00000000 0.00000000
-0.17392100 0.94981600 0.08083943 1.00000000

1.00000000 0.00000000 0.00000000 0.00000000
0.00000000 1.00000000 0.00000000 0.00000000
0.00000000 0.00000000 1.00000000 0.00000000
0.00000000 0.00000000 0.00000000 1.00000000

1.00000000 0.00000000 0.00000000 0.00000000
0.00000000 1.00000000 0.00000000 0.00000000
0.00000000 0.00000000 1.00000000 0.00000000
0.00000000 0.00000000 0.00000000 1.00000000

0.71337250 -0.01102802 -0.70069840 0.00000000
-0.11609030 0.98420160 -0.13368010 0.00000000
0.69110260 0.17670800 0.70082200 0.00000000
-0.01397084 0.91161810 0.00646568 1.00000000

0.98795580 0.14022230 -0.06542945 0.00000000
0.12274300 -0.96765200 -0.22041710 0.00000000
-0.09422028 0.20973130 -0.97320870 0.00000000
0.08045815 0.87862120 -0.08600972 1.00000000

0.98795580 0.14022230 -0.06542945 0.00000000
0.14334760 -0.98861290 0.04578219 0.00000000
-0.05826473 -0.05460995 -0.99680630 0.00000000
0.13450860 0.45251150 -0.18307130 1.00000000

0.99545260 0.08758979 -0.03744331 0.00000000
0.08668050 -0.99591590 -0.02525771 0.00000000
-0.03950271 0.02189724 -0.99897940 0.00000000
0.18023090 0.13718180 -0.16846850 1.00000000

0.99545150 0.08759016 -0.03747520 0.00000000
0.08671623 -0.99593540 -0.02434560 0.00000000
-0.03945518 0.02098515 -0.99900090 0.00000000
0.18384960 0.03641754 -0.30797960 1.00000000

0.31783310 -0.13500960 -0.93848530 0.00000000
0.15319430 0.98411730 -0.08969252 0.00000000
0.93568890 -0.11526330 0.33346770 0.00000000
-0.10862000 0.88154370 0.09970918 1.00000000

0.31783250 -0.13501340 -0.93848500 0.00000000
-0.16145470 0.96764660 -0.19388780 0.00000000
0.93429920 0.21314660 0.28575090 0.00000000
-0.17607960 0.44818420 0.13920560 1.00000000

0.51803170 -0.06802440 -0.85265230 0.00000000
0.00492140 0.99705320 -0.07655466 0.00000000
0.85534740 0.03546149 0.51683990 0.00000000
-0.12458190 0.13954150 0.20104880 1.00000000

0.51783390 -0.06803935 -0.85277140 0.00000000
0.00277847 0.99696070 -0.07785650 0.00000000
0.85547670 0.03794726 0.51644900 0.00000000
-0.24229340 0.03079957 0.13820770 1.00000000

0.70108550 -0.00881738 -0.71302280 0.00000000
0.00577991 0.99996100 -0.00668259 0.00000000
0.71305380 0.00056388 0.70110910 0.00000000
-0.03083887 1.04581400 -0.00837663 1.00000000

0.67889290 -0.02668946 -0.73375210 0.00000000
0.12167020 0.98961210 0.07657737 0.00000000
0.72408620 -0.14126360 0.67508800 0.00000000
-0.02985980 1.21885600 -0.00953433 1.00000000

0.65989130 -0.05262400 -0.74951600 0.00000000
0.03776916 0.99860640 -0.03685997 0.00000000
0.75041120 -0.00398498 0.66095920 0.00000000
0.00089093 1.40387800 0.01218734 1.00000000

0.14146130 0.95817150 -0.24878990 0.00000000
0.79045270 -0.26062680 -0.55430900 0.00000000
-0.59596440 -0.11824340 -0.79425780 0.00000000
0.05336268 1.49679500 -0.03258483 1.00000000

0.42986370 0.35967940 -0.82815920 0.00000000
0.37532500 -0.90540790 -0.19841370 0.00000000
-0.82118730 -0.22553800 -0.52419880 0.00000000
0.23034470 1.43844000 -0.15669420 1.00000000

0.42994600 0.35936200 -0.82825450 0.00000000
0.10217440 -0.93084610 -0.35083600 0.00000000
-0.89705470 0.06621418 -0.43693130 0.00000000
0.34255370 1.16775600 -0.21601330 1.00000000

0.51981740 0.19957610 -0.83063780 0.00000000
-0.03006518 -0.96745180 -0.25126340 0.00000000
-0.85374830 0.15558440 -0.49689810 0.00000000
0.36821740 0.93395080 -0.30413460 1.00000000

-0.50669940 -0.02854789 0.86165010 0.00000000
-0.85374830 0.15558440 -0.49689810 0.00000000
-0.11987370 -0.98741010 -0.10320730 0.00000000
0.29808090 0.81540110 -0.31131020 1.00000000

-0.01179215 -0.84140180 -0.54028180 0.00000000
-0.41581030 -0.48726080 0.76790530 0.00000000
-0.90937500 0.23371020 -0.34411770 0.00000000
0.30287940 0.81229850 -0.36864080 1.00000000

-0.41490910 -0.41641240 0.80898170 0.00000000
0.04120475 0.87961330 0.47390220 0.00000000
-0.90892960 0.22996020 -0.34780140 0.00000000
0.28002400 0.78551570 -0.32643210 1.00000000

0.16871120 -0.78025390 -0.60227950 0.00000000
-0.49133830 -0.59628190 0.63484980 0.00000000
-0.85447260 0.18881680 -0.48396820 0.00000000
0.34190350 0.80397280 -0.34827150 1.00000000

-0.49308330 -0.59794190 0.63192930 0.00000000
-0.17355300 0.77937700 0.60203920 0.00000000
-0.85249570 0.18718230 -0.48807230 0.00000000
0.31374160 0.77078130 -0.31157620 1.00000000

0.16811340 -0.88929980 -0.42530510 0.00000000
-0.50872760 -0.44782080 0.73529090 0.00000000
-0.84435440 0.09275223 -0.52769590 0.00000000
0.37600060 0.79697060 -0.32309710 1.00000000

-0.48035590 -0.56731180 0.66889140 0.00000000
-0.23732680 0.81826330 0.52356620 0.00000000
-0.84435440 0.09275219 -0.52769590 0.00000000
0.34849620 0.77275900 -0.28334350 1.00000000

0.19269110 -0.98119290 -0.01144604 0.00000000
-0.57563770 -0.12247750 0.80848040 0.00000000
-0.79467710 -0.14919820 -0.58841190 0.00000000
0.40368040 0.79236020 -0.30109990 1.00000000

-0.59545690 -0.02010820 0.80313540 0.00000000
-0.13642590 0.98769840 -0.07641885 0.00000000
-0.79171900 -0.15507250 -0.59087520 0.00000000
0.37488800 0.78705220 -0.26091280 1.00000000

-0.95890720 0.08623532 -0.27029740 0.00000000
-0.19160750 -0.89944580 0.39278960 0.00000000
-0.20924540 0.42844000 0.87900840 0.00000000
0.28009170 0.88022610 -0.33482380 1.00000000

-0.52761020 -0.80892410 0.25936290 0.00000000
0.82078780 -0.40675330 0.40107290 0.00000000
-0.21894060 0.42449210 0.87856210 0.00000000
0.26701970 0.82682070 -0.31190510 1.00000000

0.47712710 0.35532410 -0.80380010 0.00000000
0.10217440 -0.93084610 -0.35083600 0.00000000
-0.87287470 0.08526563 -0.48043700 0.00000000
0.35426680 1.06104600 -0.25623260 1.00000000

0.68419250 0.41503970 -0.59968530 0.00000000
0.37532500 -0.90540790 -0.19841370 0.00000000
-0.62530950 -0.08932377 -0.77524820 0.00000000
0.23034470 1.43844000 -0.15669420 1.00000000

0.51922180 0.38269810 -0.76416680 0.00000000
0.37532500 -0.90540790 -0.19841370 0.00000000
-0.76781510 -0.18379010 -0.61374380 0.00000000
0.30165650 1.26641300 -0.19439280 1.00000000

0.51104650 0.50394520 -0.69632660 0.00000000
0.48271670 -0.83855580 -0.25260500 0.00000000
-0.71120760 -0.20703560 -0.67180370 0.00000000
0.28039430 1.48118200 -0.22040770 1.00000000

0.95459680 0.05951837 -0.29189480 0.00000000
-0.11742460 0.97568410 -0.18507360 0.00000000
0.27378180 0.21094640 0.93837360 0.00000000
0.00666281 1.58427400 0.00460331 1.00000000

0.99660270 0.02998515 -0.07670701 0.00000000
-0.04399188 0.98118160 -0.18800840 0.00000000
0.06962612 0.19074420 0.97916750 0.00000000
-0.00757356 1.70256500 -0.01783479 1.00000000

0.99660270 0.02998515 -0.07670701 0.00000000
-0.04399188 0.98118160 -0.18800840 0.00000000
0.06962612 0.19074420 0.97916750 0.00000000
-0.01913915 1.75284800 -0.14844280 1.00000000

0.99691400 0.02244915 -0.07522240 0.00000000
0.03655660 -0.98075560 0.19178640 0.00000000
-0.06946942 -0.19394440 -0.97854980 0.00000000
0.04207366 1.72206500 -0.11943580 1.00000000

0.99637910 0.03469332 -0.07762170 0.00000000
-0.04891807 0.98063610 -0.18963090 0.00000000
0.06953970 0.19274140 0.97878240 0.00000000
-0.07329135 1.71852400 -0.11050590 1.00000000

0.99557020 0.02641566 -0.09023303 0.00000000
0.04840519 -0.96676290 0.25105140 0.00000000
-0.08060238 -0.25430710 -0.96375890 0.00000000
0.02056986 1.74899200 -0.11835150 1.00000000

0.99584690 0.02730858 -0.08685303 0.00000000
-0.04840646 0.96676280 -0.25105100 0.00000000
0.07711044 0.25421260 0.96406950 0.00000000
-0.05347812 1.74676300 -0.11265200 1.00000000

0.99631660 0.03331063 -0.07901701 0.00000000
0.04769320 -0.98105190 0.18778330 0.00000000
-0.07126483 -0.19086030 -0.97902700 0.00000000
-0.00072288 1.75779700 -0.15604510 1.00000000

0.99647960 0.03264526 -0.07721630 0.00000000
-0.04669371 0.98109690 -0.18779970 0.00000000
0.06962612 0.19074420 0.97916750 0.00000000
-0.03868744 1.75670200 -0.15315600 1.00000000

0.99687060 0.03026559 -0.07302633 0.00000000
0.04323687 -0.98212860 0.18317930 0.00000000
-0.06617710 -0.18576340 -0.98036360 0.00000000
0.04859431 1.76981300 -0.14195220 1.00000000

0.99643230 0.02981300 -0.07895526 0.00000000
-0.04403415 0.98174780 -0.18501930 0.00000000
0.07199818 0.18783600 0.97955810 0.00000000
-0.08597902 1.76578400 -0.13162610 1.00000000

0.99657460 0.03061049 -0.07682553 0.00000000
0.04464071 -0.98112450 0.18815520 0.00000000
-0.06961590 -0.19094030 -0.97913000 0.00000000
0.02056865 1.74900800 -0.11836120 1.00000000

0.99662340 0.02953955 -0.07660919 0.00000000
-0.04351656 0.98125100 -0.18775760 0.00000000
0.06962654 0.19045740 0.97922330 0.00000000
-0.05347812 1.74676300 -0.11265200 1.00000000

0.99661350 0.03140156 -0.07599676 0.00000000
-0.04521035 0.98123490 -0.18744200 0.00000000
0.06868464 0.19024310 0.97933140 0.00000000
-0.01024252 1.71347800 -0.04824493 1.00000000

0.99640410 0.03821725 -0.07561973 0.00000000
0.05160288 -0.98159730 0.18385930 0.00000000
-0.06720144 -0.18710030 -0.98003960 0.00000000
0.00708650 1.68425400 -0.14797700 1.00000000

0.99662420 0.03118091 -0.07594803 0.00000000
-0.04478972 0.98177810 -0.18467720 0.00000000
0.06880555 0.18745540 0.97986020 0.00000000
-0.01715029 1.68373700 -0.15100200 1.00000000

0.99666310 0.02451648 -0.07785603 0.00000000
-0.03859396 0.98201360 -0.18482400 0.00000000
0.07192454 0.18721210 0.97968270 0.00000000
-0.04069657 1.68278300 -0.14429780 1.00000000

0.99675990 0.02763942 -0.07553396 0.00000000
0.04160019 -0.98089560 0.19003460 0.00000000
-0.06883851 -0.19256120 -0.97886740 0.00000000
0.03809059 1.68066500 -0.12526300 1.00000000

0.99631750 0.03481818 -0.07835156 0.00000000
-0.04917274 0.98064970 -0.18949530 0.00000000
0.07023755 0.19265030 0.97875050 0.00000000
-0.06778761 1.67744600 -0.11708430 1.00000000

0.99664380 0.03273243 -0.07503098 0.00000000
0.04667079 -0.98022440 0.19230720 0.00000000
-0.06725255 -0.19516350 -0.97846210 0.00000000
0.00710842 1.68811300 -0.14656480 1.00000000

0.99654880 0.03126819 -0.07689431 0.00000000
-0.04559860 0.98026810 -0.19234200 0.00000000
0.06936294 0.19518450 0.97831070 0.00000000
-0.01731092 1.68734800 -0.15054440 1.00000000

0.99647410 0.02976681 -0.07844195 0.00000000
-0.04450382 0.98010590 -0.19342050 0.00000000
0.07112399 0.19622940 0.97797510 0.00000000
-0.04085358 1.68666100 -0.14285000 1.00000000

0.99660220 0.02999446 -0.07670838 0.00000000
0.04421276 -0.98059710 0.19098410 0.00000000
-0.06949162 -0.19372670 -0.97859130 0.00000000
0.00224671 1.70948800 -0.14369750 1.00000000

0.99660220 0.02999446 -0.07670838 0.00000000
-0.04421275 0.98059700 -0.19098410 0.00000000
0.06949160 0.19372660 0.97859130 0.00000000
-0.01838674 1.70419100 -0.15768770 1.00000000

0.99660220 0.02999446 -0.07670838 0.00000000
-0.04421275 0.98059700 -0.19098410 0.00000000
0.06949160 0.19372660 0.97859130 0.00000000
-0.03691908 1.70830100 -0.14068130 1.00000000

0.99660270 0.02998515 -0.07670701 0.00000000
-0.04396304 0.98126050 -0.18760290 0.00000000
0.06964430 0.19033790 0.97924520 0.00000000
-0.01418550 1.79640300 -0.06705546 1.00000000

0.18648060 -0.98112860 -0.05110428 0.00000000
0.64484360 0.16147620 -0.74706220 0.00000000
0.74121630 0.10635840 0.66278670 0.00000000
-0.03017064 1.50345200 0.06229474 1.00000000

0.85101010 -0.31099090 -0.42316230 0.00000000
0.17457970 0.92750190 -0.33054810 0.00000000
0.49528140 0.20742430 0.84360620 0.00000000
-0.17455090 1.46730600 0.22955930 1.00000000

0.85145470 -0.30945830 -0.42339130 0.00000000
0.33531300 0.94200000 -0.01418494 0.00000000
0.40322440 -0.12989080 0.90583590 0.00000000
-0.22674300 1.19001200 0.32838150 1.00000000

0.91175500 -0.20313310 -0.35698660 0.00000000
0.25540110 0.96106920 0.10543320 0.00000000
0.32167190 -0.18730400 0.92814000 0.00000000
-0.31096570 0.95340440 0.33194540 1.00000000

-0.94134970 0.04225468 0.33477710 0.00000000
0.32167200 -0.18730410 0.92814030 0.00000000
0.10192330 0.98139280 0.16272620 0.00000000
-0.30567420 0.83629390 0.25916410 1.00000000

0.51900300 0.83437190 0.18563200 0.00000000
-0.84390870 0.46566340 0.26641280 0.00000000
0.13584530 -0.29492560 0.94581440 0.00000000
-0.36358120 0.83478890 0.25199990 1.00000000

-0.94495840 0.24684130 0.21476270 0.00000000
-0.29630460 -0.92399630 -0.24173280 0.00000000
0.13877040 -0.29206270 0.94627810 0.00000000
-0.31719460 0.80919340 0.23735630 1.00000000

0.45033310 0.88708600 0.10138440 0.00000000
-0.84492690 0.38669580 0.36954660 0.00000000
0.28861470 -0.25208150 0.92366460 0.00000000
-0.35119640 0.82506160 0.29394140 1.00000000

-0.90273580 0.24695580 0.35225140 0.00000000
-0.31612630 -0.93616240 -0.15383270 0.00000000
0.29177460 -0.25022610 0.92317620 0.00000000
-0.30267980 0.80390480 0.27296750 1.00000000

0.23573200 0.96815010 0.08435619 0.00000000
-0.89509220 0.18249620 0.40682300 0.00000000
0.37847100 -0.17140770 0.90960380 0.00000000
-0.33313070 0.81668470 0.33200580 1.00000000

-0.89338980 0.19003790 0.40711180 0.00000000
-0.24301370 -0.96654180 -0.08210620 0.00000000
0.37788740 -0.17228670 0.90968050 0.00000000
-0.28473760 0.80681770 0.31001060 1.00000000

-0.21420780 0.96859280 0.12626600 0.00000000
-0.87048180 -0.24793840 0.42519150 0.00000000
0.44314370 -0.01883294 0.89625290 0.00000000
-0.31691850 0.81092550 0.36323530 1.00000000

-0.87341430 -0.22821550 0.43019240 0.00000000
0.19880150 -0.97352370 -0.11282660 0.00000000
0.44455120 -0.01302148 0.89565870 0.00000000
-0.27382620 0.82402710 0.34217430 1.00000000

0.14068320 0.29249930 0.94586090 0.00000000
-0.35437980 0.90694150 -0.22775490 0.00000000
-0.92445840 -0.30315260 0.23124720 0.00000000
-0.32497160 0.90248540 0.23801610 1.00000000

-0.22887960 0.92618550 0.29965840 0.00000000
-0.30534240 0.22398810 -0.92552450 0.00000000
-0.92432700 -0.30333200 0.23153730 0.00000000
-0.30411530 0.84797660 0.24993680 1.00000000

0.86236930 -0.31296050 -0.39796320 0.00000000
0.33531300 0.94200000 -0.01418494 0.00000000
0.37932070 -0.12120960 0.91729150 0.00000000
-0.26518190 1.08201800 0.33000790 1.00000000

0.64565870 -0.36128860 -0.67275200 0.00000000
0.17457970 0.92750190 -0.33054810 0.00000000
0.74340210 0.09597246 0.66192330 0.00000000
-0.17455090 1.46730600 0.22955930 1.00000000

0.79334550 -0.33133580 -0.51070500 0.00000000
0.17457970 0.92750190 -0.33054810 0.00000000
0.58320220 0.17308020 0.79367390 0.00000000
-0.20771940 1.29108000 0.29236250 1.00000000

0.70054650 -0.58821250 -0.40403040 0.00000000
0.36086430 0.78046230 -0.51054440 0.00000000
0.61563920 0.21186000 0.75901510 0.00000000
-0.23922000 1.51801500 0.27002130 1.00000000

0.99858700 -0.05314367 0.00002801 0.00000000
0.05314371 0.99858690 -0.00000312 0.00000000
-0.00002787 0.00000461 1.00000000 0.00000000
-0.17475520 0.94930990 0.07766791 1.00000000

1.00000000 0.00000000 0.00000000 0.00000000
0.00000000 1.00000000 0.00000000 0.00000000
0.00000000 0.00000000 1.00000000 0.00000000
0.00000000 0.00000000 0.00000000 1.00000000

1.00000000 0.00000000 0.00000000 0.00000000
0.00000000 1.00000000 0.00000000 0.00000000
0.00000000 0.00000000 1.00000000 0.00000000
0.00000000 0.00000000 0.00000000 1.00000000

0.73604450 0.00445876 -0.67691850 0.00000000
-0.10661070 0.98826260 -0.10941310 0.00000000
0.66848540 0.15269970 0.72788060 0.00000000
-0.01302300 0.91174480 0.00461003 1.00000000

0.98955040 0.13386020 -0.05358791 0.00000000
0.12012370 -0.97091540 -0.20710780 0.00000000
-0.07975286 0.19850640 -0.97684940 0.00000000
0.08423768 0.88080320 -0.08561364 1.00000000

0.98955040 0.13386020 -0.05358791 0.00000000
0.13535040 -0.99047730 0.02520137 0.00000000
-0.04970419 -0.03219115 -0.99824510 0.00000000
0.13713470 0.45325650 -0.17681440 1.00000000

0.99534440 0.08745707 -0.04050833 0.00000000
0.08635055 -0.99586270 -0.02830845 0.00000000
-0.04281655 0.02467874 -0.99877820 0.00000000
0.18030630 0.13733210 -0.16877610 1.00000000

0.99534060 0.08745857 -0.04059786 0.00000000
0.08645967 -0.99592270 -0.02574487 0.00000000
-0.04268402 0.02211485 -0.99884390 0.00000000
0.18343650 0.03695440 -0.30857740 1.00000000

0.37998180 -0.16591480 -0.90999250 0.00000000
0.19561060 0.97594600 -0.09625950 0.00000000
0.90407440 -0.14142730 0.40329640 0.00000000
-0.11084970 0.87962100 0.09380244 1.00000000

0.37998070 -0.16592020 -0.90999190 0.00000000
-0.22565440 0.93743070 -0.26514860 0.00000000
0.89704790 0.30609500 0.31876490 0.00000000
-0.19698750 0.44985970 0.13619070 1.00000000

0.50438420 -0.07148736 -0.86051520 0.00000000
-0.07824688 0.98868280 -0.12799870 0.00000000
0.85992690 0.13189310 0.49308230 0.00000000
-0.12501240 0.15085480 0.22076330 1.00000000

0.50382570 -0.07158350 -0.86083430 0.00000000
-0.08430694 0.98772760 -0.13147830 0.00000000
0.85968160 0.13881640 0.49160760 0.00000000
-0.23468620 0.02977186 0.16653740 1.00000000

0.72645370 -0.01005890 -0.68714190 0.00000000
0.00587172 0.99994720 -0.00843036 0.00000000
0.68719050 0.00208957 0.72647440 0.00000000
-0.02900529 1.04514000 -0.01084709 1.00000000

0.69893000 -0.00798683 -0.71514560 0.00000000
0.08828485 0.99325340 0.07519022 0.00000000
0.70972020 -0.11568920 0.69491950 0.00000000
-0.02805536 1.21948000 -0.01232404 1.00000000

0.68176570 -0.07808772 -0.72739130 0.00000000
0.02028739 0.99592260 -0.08790056 0.00000000
0.73128940 0.04517074 0.68057000 0.00000000
-0.00375564 1.40691100 0.00933143 1.00000000

0.15514610 0.95633490 -0.24769610 0.00000000
0.79391450 -0.26991240 -0.54483690 0.00000000
-0.58790280 -0.11212020 -0.80112390 0.00000000
0.04823507 1.49842000 -0.03877707 1.00000000

0.44804310 0.32401100 -0.83323120 0.00000000
0.31686890 -0.92906150 -0.19088960 0.00000000
-0.83597350 -0.17849830 -0.51892860 0.00000000
0.22599220 1.43798700 -0.16076580 1.00000000

0.44827810 0.32277970 -0.83358290 0.00000000
0.20749110 -0.94463300 -0.25419740 0.00000000
-0.86947940 -0.05900992 -0.49043190 0.00000000
0.32072500 1.16023100 -0.21783540 1.00000000

0.56328130 0.17506400 -0.80750670 0.00000000
0.20261960 -0.97672290 -0.07041079 0.00000000
-0.80103670 -0.12395560 -0.58564100 0.00000000
0.37284150 0.92296240 -0.28168340 1.00000000

-0.58990840 -0.00279824 0.80746570 0.00000000
-0.80103670 -0.12395560 -0.58564100 0.00000000
0.10172860 -0.99228400 0.07088096 0.00000000
0.33066260 0.79476640 -0.27369660 1.00000000

0.51622530 -0.15507460 -0.84229670 0.00000000
0.05360029 -0.97569320 0.21248450 0.00000000
-0.85477400 -0.15483730 -0.49536530 0.00000000
0.34254690 0.78090240 -0.32784100 1.00000000

0.45926220 -0.67867080 -0.57313540 0.00000000
-0.25076010 -0.71801350 0.64928880 0.00000000
-0.85217240 -0.15447430 -0.49993990 0.00000000
0.34549310 0.72727230 -0.31616160 1.00000000

0.59893980 -0.08065770 -0.79672190 0.00000000
0.05030961 -0.98915910 0.13796010 0.00000000
-0.79921230 -0.12271260 -0.58838880 0.00000000
0.37969730 0.78502330 -0.30314350 1.00000000

0.43171190 -0.79903200 -0.41853660 0.00000000
-0.42260130 -0.58909770 0.68874720 0.00000000
-0.79688970 -0.12046630 -0.59199220 0.00000000
0.38196010 0.72878830 -0.29455180 1.00000000

0.70193590 -0.20618260 -0.68174420 0.00000000
-0.02687296 -0.96416790 0.26392850 0.00000000
-0.71173310 -0.16694040 -0.68232460 0.00000000
0.41120990 0.79007760 -0.27438920 1.00000000

0.46966600 -0.83540090 -0.28551600 0.00000000
-0.52235060 -0.52367580 0.67298880 0.00000000
-0.71173320 -0.16694040 -0.68232470 0.00000000
0.40975700 0.73794970 -0.26012000 1.00000000

0.81535230 -0.41319240 -0.40555260 0.00000000
-0.21781600 -0.86793390 0.44637130 0.00000000
-0.53642990 -0.27561390 -0.79767170 0.00000000
0.43637950 0.79546450 -0.24971590 1.00000000

0.22897020 -0.95709880 0.17757970 0.00000000
-0.81612270 -0.08931302 0.57093530 0.00000000
-0.53058130 -0.27565400 -0.80156000 0.00000000
0.42488480 0.75263880 -0.22722110 1.00000000

-0.86028180 0.17937080 -0.47722260 0.00000000
-0.24863850 -0.96480830 0.08557989 0.00000000
-0.44507790 0.19227860 0.87460540 0.00000000
0.30220060 0.84646270 -0.30910520 1.00000000

-0.80578350 -0.49275650 -0.32848720 0.00000000
0.35918380 -0.84765640 0.39046810 0.00000000
-0.47085020 0.19664540 0.86001800 0.00000000
0.28590390 0.78932710 -0.30483740 1.00000000

0.49184780 0.32535960 -0.80760580 0.00000000
0.20749110 -0.94463300 -0.25419740 0.00000000
-0.84559640 -0.04254459 -0.53212480 0.00000000
0.34451130 1.05194000 -0.24697610 1.00000000

0.69082400 0.36397450 -0.62472780 0.00000000
0.31686890 -0.92906150 -0.19088960 0.00000000
-0.64988960 -0.06608570 -0.75715020 0.00000000
0.22599220 1.43798700 -0.16076580 1.00000000

0.52705830 0.33980450 -0.77893670 0.00000000
0.31686890 -0.92906150 -0.19088960 0.00000000
-0.78854530 -0.14621090 -0.59734300 0.00000000
0.28619730 1.26146500 -0.19703470 1.00000000

0.52481720 0.49764870 -0.69058870 0.00000000
0.47617550 -0.84411950 -0.24641280 0.00000000
-0.70556630 -0.19951970 -0.67997650 0.00000000
0.27726340 1.48011500 -0.22391360 1.00000000

0.93585690 0.02934499 -0.35115630 0.00000000
-0.11711000 0.96578450 -0.23139930 0.00000000
0.33235090 0.25768070 0.90727260 0.00000000
-0.00111493 1.58675400 -0.00750014 1.00000000

0.98449580 0.02633566 -0.17342030 0.00000000
-0.06436290 0.97394020 -0.21748130 0.00000000
0.16317330 0.22527120 0.96053490 0.00000000
-0.01531314 1.70384400 -0.03555468 1.00000000

0.98449580 0.02633566 -0.17342030 0.00000000
-0.06436290 0.97394020 -0.21748130 0.00000000
0.16317330 0.22527120 0.96053490 0.00000000
-0.03948239 1.74866500 -0.16595520 1.00000000

0.98569300 0.00486318 -0.16848100 0.00000000
0.04415089 -0.97213140 0.23024320 0.00000000
-0.16266590 -0.23438760 -0.95843770 0.00000000
0.02396698 1.72002600 -0.14230620 1.00000000

0.98348770 0.04002561 -0.17649420 0.00000000
-0.07917724 0.97211230 -0.22074620 0.00000000
0.16273660 0.23107550 0.95922920 0.00000000
-0.08957475 1.71680000 -0.12215740 1.00000000

0.98227500 0.02248470 -0.18609240 0.00000000
0.07434653 -0.95808430 0.27667210 0.00000000
-0.17207110 -0.28560350 -0.94277380 0.00000000
0.00289733 1.74665300 -0.13989510 1.00000000

0.98284690 0.02344785 -0.18292730 0.00000000
-0.07435107 0.95808410 -0.27667110 0.00000000
0.16877230 0.28552610 0.94339320 0.00000000
-0.07025111 1.74469500 -0.12700970 1.00000000

0.98300510 0.03544557 -0.18012440 0.00000000
0.07466178 -0.97356220 0.21587580 0.00000000
-0.16771050 -0.22565540 -0.95966290 0.00000000
-0.02199117 1.75371900 -0.17559230 1.00000000

0.98397670 0.03375758 -0.17507270 0.00000000
-0.07186417 0.97371130 -0.21615330 0.00000000
0.16317330 0.22527120 0.96053490 0.00000000
-0.05924836 1.75286400 -0.16912450 1.00000000

0.98621350 0.02757655 -0.16316480 0.00000000
0.06109745 -0.97702880 0.20416190 0.00000000
-0.15378670 -0.21131610 -0.96524360 0.00000000
0.02846047 1.76654400 -0.16684540 1.00000000

0.98340080 0.02557312 -0.17963620 0.00000000
-0.06358733 0.97580630 -0.20918650 0.00000000
0.16994050 0.21713670 0.96123460 0.00000000
-0.10449400 1.76304300 -0.14351510 1.00000000

0.98433090 0.02879632 -0.17396470 0.00000000
0.06693187 -0.97375630 0.21752980 0.00000000
-0.16313530 -0.22576500 -0.96042540 0.00000000
0.00289265 1.74668600 -0.13991660 1.00000000

0.98462250 0.02450679 -0.17296930 0.00000000
-0.06231790 0.97424530 -0.21670910 0.00000000
0.16320350 0.22415570 0.96079080 0.00000000
-0.07025111 1.74469500 -0.12700970 1.00000000

0.98469850 0.03042376 -0.17159080 0.00000000
-0.06766012 0.97414420 -0.21555770 0.00000000
0.16059610 0.22386920 0.96129670 0.00000000
-0.02098988 1.71358800 -0.06630137 1.00000000

0.98398820 0.04964737 -0.17117970 0.00000000
0.08465926 -0.97535310 0.20376270 0.00000000
-0.15684430 -0.21499200 -0.96393900 0.00000000
-0.01302398 1.68018000 -0.16598000 1.00000000

0.98474550 0.02980542 -0.17142970 0.00000000
-0.06574567 0.97591960 -0.20798650 0.00000000
0.16110240 0.21608450 0.96299200 0.00000000
-0.03751163 1.68026900 -0.16682060 1.00000000

0.98440320 0.01095830 -0.17558570 0.00000000
-0.04832793 0.97650580 -0.21000210 0.00000000
0.16915910 0.21521240 0.96180510 0.00000000
-0.06044568 1.67885000 -0.15756430 1.00000000

0.98523590 0.01988471 -0.17004440 0.00000000
0.05827171 -0.97287800 0.22385920 0.00000000
-0.16098100 -0.23046290 -0.95967280 0.00000000
0.01983326 1.67783000 -0.14604110 1.00000000

0.98315540 0.03991831 -0.17835940 0.00000000
-0.07943571 0.97219660 -0.22028130 0.00000000
0.16460690 0.23073880 0.95899130 0.00000000
-0.08484867 1.67490500 -0.12745620 1.00000000

0.98502770 0.03435590 -0.16893860 0.00000000
0.07308521 -0.97074410 0.22872330 0.00000000
-0.15613810 -0.23764560 -0.95872070 0.00000000
-0.01290564 1.68514200 -0.16455390 1.00000000

0.98428290 0.03000924 -0.17403130 0.00000000
-0.07011850 0.97085910 -0.22916420 0.00000000
0.16208280 0.23776510 0.95770390 0.00000000
-0.03769825 1.68410900 -0.16605290 1.00000000

0.98373960 0.02565852 -0.17775890 0.00000000
-0.06731786 0.97026560 -0.23249290 0.00000000
0.16650780 0.24067880 0.95621590 0.00000000
-0.06056500 1.68381700 -0.15608650 1.00000000

0.98449430 0.02636169 -0.17342500 0.00000000
0.06577911 -0.97198160 0.22566580 0.00000000
-0.16261710 -0.23357440 -0.95864430 0.00000000
-0.01772422 1.70659500 -0.16200790 1.00000000

0.98449430 0.02636169 -0.17342500 0.00000000
-0.06577911 0.97198150 -0.22566570 0.00000000
0.16261700 0.23357420 0.95864420 0.00000000
-0.03957154 1.70068800 -0.17374740 1.00000000

0.98449430 0.02636169 -0.17342500 0.00000000
-0.06577911 0.97198150 -0.22566570 0.00000000
0.16261700 0.23357420 0.95864420 0.00000000
-0.05637499 1.70553800 -0.15519410 1.00000000

0.98449580 0.02633566 -0.17342030 0.00000000
-0.06429531 0.97403340 -0.21708350 0.00000000
0.16320010 0.22486790 0.96062480 0.00000000
-0.02687233 1.79588400 -0.08719719 1.00000000

0.20137450 -0.97940570 -0.01458863 0.00000000
0.63135690 0.14117080 -0.76253480 0.00000000
0.74889050 0.14434440 0.64678280 0.00000000
-0.03806721 1.50830000 0.05330204 1.00000000

0.88682100 -0.24485060 -0.39191450 0.00000000
0.11437240 0.93800100 -0.32722030 0.00000000
0.44773630 0.24536160 0.85984300 0.00000000
-0.17942790 1.47670100 0.22403050 1.00000000

0.88772210 -0.24050510 -0.39256430 0.00000000
0.27773990 0.95982210 0.04002852 0.00000000
0.36716490 -0.14456500 0.91885320 0.00000000
-0.21361980 1.19626700 0.32185790 1.00000000

0.86839120 -0.27468750 -0.41284830 0.00000000
0.32592610 0.94363210 0.05771466 0.00000000
0.37372320 -0.18467690 0.90896940 0.00000000
-0.28338160 0.95518400 0.31180470 1.00000000

